# PbTiO3 potential supercell
-1.4126126700   -2651.7606918400
-1.3495672000   -2660.2960179200
-1.2854725500   -2667.1550124800
-1.2203335600   -2672.5514937600
-1.1541896100   -2676.6818092800
-1.0868734600   -2679.7459980800
-1.0185604400   -2681.8993632000
-0.9490564570   -2683.3111731200
-0.8783862380   -2684.1192659200
-0.8065250230   -2684.4519200000
-0.7332889870   -2684.4240966400
-0.6586521060   -2684.1390131200
-0.5824721130   -2683.6858444800
-0.5047100670   -2683.1453516800
-0.4251052870   -2682.5850764800
-0.3436146560   -2682.0626278400
-0.2602748810   -2681.6307622400
-0.1749580480   -2681.3143456000
-0.0881378643   -2681.1278822400
-0.0000024910   -2681.0584665600
0.0881378643    -2681.1278822400
0.1749580480    -2681.3143456000
0.2602748810    -2681.6307622400
0.3436146560    -2682.0626278400
0.4251052870    -2682.5850764800
0.5047100670    -2683.1453516800
0.5824721130    -2683.6858444800
0.6586521060    -2684.1390131200
0.7332889870    -2684.4240966400
0.8065250230    -2684.4519200000
0.8783862380    -2684.1192659200
0.9490564570    -2683.3111731200
1.0185604400    -2681.8993632000
1.0868734600    -2679.7459980800
1.1541896100    -2676.6818092800
1.2203335600    -2672.5514937600
1.2854725500    -2667.1550124800
1.3495672000    -2660.2960179200
1.4126126700    -2651.7606918400
