# x(nm) V(x) (eV)
-0.0567164682 32.7173757732
-0.0561493035 30.6355584506
-0.0555821388 28.6542547996
-0.0550149742 26.7701792563
-0.0544478095 24.9800462572
-0.0538806448 23.2805702385
-0.0533134801 21.6684656367
-0.0527463154 20.1404468881
-0.0521791507 18.6932284291
-0.0516119861 17.3235246959
-0.0510448214 16.0281548665
-0.0504776567 14.8043575290
-0.0499104920 13.6494762347
-0.0493433273 12.5608545349
-0.0487761626 11.5358372682
-0.0482089980 10.5718229175
-0.0476418333 9.6662818129
-0.0470746686 8.8166893097
-0.0465075039 8.0205207632
-0.0459403392 7.2752899354
-0.0453731746 6.5788988438
-0.0448060099 5.9294748615
-0.0442388452 5.3251481343
-0.0436716805 4.7640488079
-0.0431045158 4.2443045000
-0.0425373511 3.7640307401
-0.0419701865 3.3213394494
-0.0414030218 2.9143425484
-0.0408358571 2.5411520496
-0.0402686924 2.1999876117
-0.0397015277 1.8893843632
-0.0391343631 1.6079349230
-0.0385671984 1.3542319102
-0.0380000337 1.1268680981
-0.0374328690 0.9244765414
-0.0368657043 0.7457841778
-0.0362985396 0.5895312937
-0.0357313750 0.4544581756
-0.0351642103 0.3393053461
-0.0345970456 0.2428774126
-0.0340298809 0.1641295301
-0.0334627162 0.1020384507
-0.0328955516 0.0555809266
-0.0323283869 0.0237337302
-0.0317612222 0.0055053461
-0.0311940575 0.0000000000
-0.0306268928 0.0063399142
-0.0300597281 0.0236473114
-0.0294925635 0.0510444139
-0.0289253988 0.0876787988
-0.0283582341 0.1328310153
-0.0277910694 0.1858250544
-0.0272239047 0.2459849318
-0.0266567401 0.3126346631
-0.0260895754 0.3851026494
-0.0255224107 0.4627764844
-0.0249552460 0.5450862502
-0.0243880813 0.6314629577
-0.0238209166 0.7213376182
-0.0232537520 0.8141415312
-0.0226865873 0.9093473282
-0.0221194226 1.0065116053
-0.0215522579 1.1052011422
-0.0209850932 1.2049827184
-0.0204179286 1.3054231134
-0.0198507639 1.4060981320
-0.0192835992 1.5066679331
-0.0187164345 1.6068386977
-0.0181492698 1.7063170718
-0.0175821051 1.8048097013
-0.0170149405 1.9020232328
-0.0164477758 1.9976653397
-0.0158806111 2.0914468055
-0.0153134464 2.1830789999
-0.0147462817 2.2722732927
-0.0141791170 2.3587410534
-0.0136119524 2.4421950675
-0.0130447877 2.5224385382
-0.0124776230 2.5994180674
-0.0119104583 2.6730929797
-0.0113432936 2.7434226000
-0.0107761290 2.8103662529
-0.0102089643 2.8738828324
-0.0096417996 2.9339167205
-0.0090746349 2.9903946492
-0.0085074702 3.0432422841
-0.0079403055 3.0923852910
-0.0073731409 3.1377493357
-0.0068059762 3.1792626920
-0.0062388115 3.2169643341
-0.0056716468 3.2510426706
-0.0051044821 3.2816966839
-0.0045373175 3.3091253566
-0.0039701528 3.3335276712
-0.0034029881 3.3551016664
-0.0028358234 3.3739181226
-0.0022686587 3.3897933142
-0.0017014940 3.4025132222
-0.0011343294 3.4118638275
-0.0005671647 3.4176311109
0.0000000000 3.4196010532
0.0005671647 3.4176310103
0.0011343294 3.4118636864
0.0017014940 3.4025130854
0.0022686587 3.3897932110
0.0028358234 3.3739180671
0.0034029881 3.3551016572
0.0039701528 3.3335276931
0.0045373175 3.3091253924
0.0051044821 3.2816967207
0.0056716468 3.2510426996
0.0062388115 3.2169643509
0.0068059762 3.1792626960
0.0073731409 3.1377493308
0.0079403055 3.0923852819
0.0085074702 3.0432422744
0.0090746349 2.9903946414
0.0096417996 2.9339167159
0.0102089643 2.8738828312
0.0107761290 2.8103662541
0.0113432936 2.7434226023
0.0119104583 2.6730929822
0.0124776230 2.5994180694
0.0130447877 2.5224385394
0.0136119524 2.4421950677
0.0141791170 2.3587410531
0.0147462817 2.2722732920
0.0153134464 2.1830789993
0.0158806111 2.0914468051
0.0164477758 1.9976653395
0.0170149405 1.9020232327
0.0175821051 1.8048097014
0.0181492698 1.7063170720
0.0187164345 1.6068386979
0.0192835992 1.5066679332
0.0198507639 1.4060981321
0.0204179286 1.3054231134
0.0209850932 1.2049827183
0.0215522579 1.1052011421
0.0221194226 1.0065116053
0.0226865873 0.9093473282
0.0232537520 0.8141415312
0.0238209166 0.7213376182
0.0243880813 0.6314629578
0.0249552460 0.5450862502
0.0255224107 0.4627764844
0.0260895754 0.3851026494
0.0266567401 0.3126346631
0.0272239047 0.2459849318
0.0277910694 0.1858250544
0.0283582341 0.1328310152
0.0289253988 0.0876787988
0.0294925635 0.0510444139
0.0300597281 0.0236473114
0.0306268928 0.0063399142
0.0311940575 0.0000000000
0.0317612222 0.0055053461
0.0323283869 0.0237337302
0.0328955516 0.0555809266
0.0334627162 0.1020384507
0.0340298809 0.1641295301
0.0345970456 0.2428774126
0.0351642103 0.3393053461
0.0357313750 0.4544581756
0.0362985396 0.5895312937
0.0368657043 0.7457841778
0.0374328690 0.9244765414
0.0380000337 1.1268680981
0.0385671984 1.3542319102
0.0391343631 1.6079349230
0.0397015277 1.8893843632
0.0402686924 2.1999876117
0.0408358571 2.5411520496
0.0414030218 2.9143425484
0.0419701865 3.3213394494
0.0425373511 3.7640307401
0.0431045158 4.2443045000
0.0436716805 4.7640488079
0.0442388452 5.3251481343
0.0448060099 5.9294748615
0.0453731746 6.5788988438
0.0459403392 7.2752899354
0.0465075039 8.0205207632
0.0470746686 8.8166893097
0.0476418333 9.6662818129
0.0482089980 10.5718229175
0.0487761626 11.5358372682
0.0493433273 12.5608545349
0.0499104920 13.6494762347
0.0504776567 14.8043575290
0.0510448214 16.0281548665
0.0516119861 17.3235246959
0.0521791507 18.6932284291
0.0527463154 20.1404468881
0.0533134801 21.6684656367
0.0538806448 23.2805702385
0.0544478095 24.9800462572
0.0550149742 26.7701792563
0.0555821388 28.6542547996
0.0561493035 30.6355584506
0.0567164682 32.7173757732
