# Field(V/nm) P_full(C/m^2)
-8.000000000000000000e+02 -8.059864242157436243e-01
-7.990000000000000000e+02 -8.059521006482220917e-01
-7.980000000000000000e+02 -8.059177712804027616e-01
-7.970000000000000000e+02 -8.058834361099516119e-01
-7.960000000000000000e+02 -8.058490951345440578e-01
-7.950000000000000000e+02 -8.058147483518499632e-01
-7.940000000000000000e+02 -8.057803957595285338e-01
-7.930000000000000000e+02 -8.057460373552468580e-01
-7.920000000000000000e+02 -8.057116731366742446e-01
-7.910000000000000000e+02 -8.056773031014622388e-01
-7.900000000000000000e+02 -8.056429272472778180e-01
-7.890000000000000000e+02 -8.056085455717794108e-01
-7.880000000000000000e+02 -8.055741580726192286e-01
-7.870000000000000000e+02 -8.055397647474542566e-01
-7.860000000000000000e+02 -8.055053655939371504e-01
-7.850000000000000000e+02 -8.054709606097165686e-01
-7.840000000000000000e+02 -8.054365497924452777e-01
-7.830000000000000000e+02 -8.054021331397710481e-01
-7.820000000000000000e+02 -8.053677106493377647e-01
-7.810000000000000000e+02 -8.053332823187882017e-01
-7.800000000000000000e+02 -8.052988481457710179e-01
-7.790000000000000000e+02 -8.052644081279227706e-01
-7.780000000000000000e+02 -8.052299622628839026e-01
-7.770000000000000000e+02 -8.051955105482871966e-01
-7.760000000000000000e+02 -8.051610529817722073e-01
-7.750000000000000000e+02 -8.051265895609769352e-01
-7.740000000000000000e+02 -8.050921202835245039e-01
-7.730000000000000000e+02 -8.050576451470536909e-01
-7.720000000000000000e+02 -8.050231641491863988e-01
-7.710000000000000000e+02 -8.049886772875539664e-01
-7.700000000000000000e+02 -8.049541845597754097e-01
-7.690000000000000000e+02 -8.049196859634814016e-01
-7.680000000000000000e+02 -8.048851814962858509e-01
-7.670000000000000000e+02 -8.048506711558163218e-01
-7.660000000000000000e+02 -8.048161549396884995e-01
-7.650000000000000000e+02 -8.047816328455134061e-01
-7.640000000000000000e+02 -8.047471048709077257e-01
-7.630000000000000000e+02 -8.047125710134873655e-01
-7.620000000000000000e+02 -8.046780312708573524e-01
-7.610000000000000000e+02 -8.046434856406334823e-01
-7.600000000000000000e+02 -8.046089341204132328e-01
-7.590000000000000000e+02 -8.045743767078136210e-01
-7.580000000000000000e+02 -8.045398134004320134e-01
-7.570000000000000000e+02 -8.045052441958634448e-01
-7.560000000000000000e+02 -8.044706690917201586e-01
-7.550000000000000000e+02 -8.044360880855889739e-01
-7.540000000000000000e+02 -8.044015011750754729e-01
-7.530000000000000000e+02 -8.043669083577703605e-01
-7.520000000000000000e+02 -8.043323096312610110e-01
-7.510000000000000000e+02 -8.042977049931431255e-01
-7.500000000000000000e+02 -8.042630944410049665e-01
-7.490000000000000000e+02 -8.042284779724357957e-01
-7.480000000000000000e+02 -8.041938555850149939e-01
-7.470000000000000000e+02 -8.041592272763291582e-01
-7.460000000000000000e+02 -8.041245930439601119e-01
-7.450000000000000000e+02 -8.040899528854824618e-01
-7.440000000000000000e+02 -8.040553067984800295e-01
-7.430000000000000000e+02 -8.040206547805296422e-01
-7.420000000000000000e+02 -8.039859968291965808e-01
-7.410000000000000000e+02 -8.039513329420591159e-01
-7.400000000000000000e+02 -8.039166631166855259e-01
-7.390000000000000000e+02 -8.038819873506454217e-01
-7.380000000000000000e+02 -8.038473056415015305e-01
-7.370000000000000000e+02 -8.038126179868222421e-01
-7.360000000000000000e+02 -8.037779243841693955e-01
-7.350000000000000000e+02 -8.037432248311012772e-01
-7.340000000000000000e+02 -8.037085193251752857e-01
-7.330000000000000000e+02 -8.036738078639525940e-01
-7.320000000000000000e+02 -8.036390904449856043e-01
-7.310000000000000000e+02 -8.036043670658286064e-01
-7.300000000000000000e+02 -8.035696377240331145e-01
-7.290000000000000000e+02 -8.035349024171437593e-01
-7.280000000000000000e+02 -8.035001611427117219e-01
-7.270000000000000000e+02 -8.034654138982805227e-01
-7.260000000000000000e+02 -8.034306606813943485e-01
-7.250000000000000000e+02 -8.033959014895940554e-01
-7.240000000000000000e+02 -8.033611363204189448e-01
-7.230000000000000000e+02 -8.033263651714057652e-01
-7.220000000000000000e+02 -8.032915880400908204e-01
-7.210000000000000000e+02 -8.032568049240060848e-01
-7.200000000000000000e+02 -8.032220158206844207e-01
-7.190000000000000000e+02 -8.031872207276571363e-01
-7.180000000000000000e+02 -8.031524196424508766e-01
-7.170000000000000000e+02 -8.031176125625866247e-01
-7.160000000000000000e+02 -8.030827994855951335e-01
-7.150000000000000000e+02 -8.030479804089896145e-01
-7.140000000000000000e+02 -8.030131553302997105e-01
-7.130000000000000000e+02 -8.029783242470366345e-01
-7.120000000000000000e+02 -8.029434871567175946e-01
-7.110000000000000000e+02 -8.029086440568531380e-01
-7.100000000000000000e+02 -8.028737949449585853e-01
-7.090000000000000000e+02 -8.028389398185438175e-01
-7.080000000000000000e+02 -8.028040786751168278e-01
-7.070000000000000000e+02 -8.027692115121792815e-01
-7.060000000000000000e+02 -8.027343383272383948e-01
-7.050000000000000000e+02 -8.026994591177957217e-01
-7.040000000000000000e+02 -8.026645738813504849e-01
-7.030000000000000000e+02 -8.026296826153908048e-01
-7.020000000000000000e+02 -8.025947853174294488e-01
-7.010000000000000000e+02 -8.025598819849485421e-01
-7.000000000000000000e+02 -8.025249726154448648e-01
-6.990000000000000000e+02 -8.024900572064000981e-01
-6.980000000000000000e+02 -8.024551357553100228e-01
-6.970000000000000000e+02 -8.024202082596545438e-01
-6.960000000000000000e+02 -8.023852747169178956e-01
-6.950000000000000000e+02 -8.023503351245840909e-01
-6.940000000000000000e+02 -8.023153894801278163e-01
-6.930000000000000000e+02 -8.022804377810285326e-01
-6.920000000000000000e+02 -8.022454800247635909e-01
-6.910000000000000000e+02 -8.022105162088011276e-01
-6.900000000000000000e+02 -8.021755463306139422e-01
-6.890000000000000000e+02 -8.021405703876695048e-01
-6.880000000000000000e+02 -8.021055883774357298e-01
-6.870000000000000000e+02 -8.020706002973775339e-01
-6.860000000000000000e+02 -8.020356061449542828e-01
-6.850000000000000000e+02 -8.020006059176303381e-01
-6.840000000000000000e+02 -8.019655996128617348e-01
-6.830000000000000000e+02 -8.019305872281021763e-01
-6.820000000000000000e+02 -8.018955687608125826e-01
-6.810000000000000000e+02 -8.018605442084371093e-01
-6.800000000000000000e+02 -8.018255135684273505e-01
-6.790000000000000000e+02 -8.017904768382341230e-01
-6.780000000000000000e+02 -8.017554340152995840e-01
-6.770000000000000000e+02 -8.017203850970684442e-01
-6.760000000000000000e+02 -8.016853300809828609e-01
-6.750000000000000000e+02 -8.016502689644765534e-01
-6.740000000000000000e+02 -8.016152017449940104e-01
-6.730000000000000000e+02 -8.015801284199655097e-01
-6.720000000000000000e+02 -8.015450489868246597e-01
-6.710000000000000000e+02 -8.015099634429991848e-01
-6.700000000000000000e+02 -8.014748717859232485e-01
-6.690000000000000000e+02 -8.014397740130132508e-01
-6.680000000000000000e+02 -8.014046701217034663e-01
-6.670000000000000000e+02 -8.013695601094107390e-01
-6.660000000000000000e+02 -8.013344439735531344e-01
-6.650000000000000000e+02 -8.012993217115518263e-01
-6.640000000000000000e+02 -8.012641933208186629e-01
-6.630000000000000000e+02 -8.012290587987658252e-01
-6.620000000000000000e+02 -8.011939181428093804e-01
-6.610000000000000000e+02 -8.011587713503502961e-01
-6.600000000000000000e+02 -8.011236184188006426e-01
-6.590000000000000000e+02 -8.010884593455637193e-01
-6.580000000000000000e+02 -8.010532941280406050e-01
-6.570000000000000000e+02 -8.010181227636298251e-01
-6.560000000000000000e+02 -8.009829452497293500e-01
-6.550000000000000000e+02 -8.009477615837377051e-01
-6.540000000000000000e+02 -8.009125717630417585e-01
-6.530000000000000000e+02 -8.008773757850368158e-01
-6.520000000000000000e+02 -8.008421736471094121e-01
-6.510000000000000000e+02 -8.008069653466454163e-01
-6.500000000000000000e+02 -8.007717508810308082e-01
-6.490000000000000000e+02 -8.007365302476486812e-01
-6.480000000000000000e+02 -8.007013034438722476e-01
-6.470000000000000000e+02 -8.006660704670861550e-01
-6.460000000000000000e+02 -8.006308313146599520e-01
-6.450000000000000000e+02 -8.005955859839687383e-01
-6.440000000000000000e+02 -8.005603344723828396e-01
-6.430000000000000000e+02 -8.005250767772703613e-01
-6.420000000000000000e+02 -8.004898128959947456e-01
-6.410000000000000000e+02 -8.004545428259223216e-01
-6.400000000000000000e+02 -8.004192665644174198e-01
-6.390000000000000000e+02 -8.003839841088302709e-01
-6.380000000000000000e+02 -8.003486954565236511e-01
-6.370000000000000000e+02 -8.003134006048542304e-01
-6.360000000000000000e+02 -8.002780995511676876e-01
-6.350000000000000000e+02 -8.002427922928178061e-01
-6.340000000000000000e+02 -8.002074788271524852e-01
-6.330000000000000000e+02 -8.001721591515131848e-01
-6.320000000000000000e+02 -8.001368332632441405e-01
-6.310000000000000000e+02 -8.001015011596884774e-01
-6.300000000000000000e+02 -8.000661628381848800e-01
-6.290000000000000000e+02 -8.000308182960589320e-01
-6.280000000000000000e+02 -7.999954675306596430e-01
-6.270000000000000000e+02 -7.999601105393079337e-01
-6.260000000000000000e+02 -7.999247473193331626e-01
-6.250000000000000000e+02 -7.998893778680663535e-01
-6.240000000000000000e+02 -7.998540021828247637e-01
-6.230000000000000000e+02 -7.998186202609381956e-01
-6.220000000000000000e+02 -7.997832320997216859e-01
-6.210000000000000000e+02 -7.997478376964883839e-01
-6.200000000000000000e+02 -7.997124370485610978e-01
-6.190000000000000000e+02 -7.996770301532448721e-01
-6.180000000000000000e+02 -7.996416170078555208e-01
-6.170000000000000000e+02 -7.996061976096938695e-01
-6.160000000000000000e+02 -7.995707719560695148e-01
-6.150000000000000000e+02 -7.995353400442835046e-01
-6.140000000000000000e+02 -7.994999018716367756e-01
-6.130000000000000000e+02 -7.994644574354291544e-01
-6.120000000000000000e+02 -7.994290067329486993e-01
-6.110000000000000000e+02 -7.993935497614944596e-01
-6.100000000000000000e+02 -7.993580865183608219e-01
-6.090000000000000000e+02 -7.993226170008254083e-01
-6.080000000000000000e+02 -7.992871412061803849e-01
-6.070000000000000000e+02 -7.992516591317102570e-01
-6.060000000000000000e+02 -7.992161707746914256e-01
-6.050000000000000000e+02 -7.991806761324031783e-01
-6.040000000000000000e+02 -7.991451752021272448e-01
-6.030000000000000000e+02 -7.991096679811316994e-01
-6.020000000000000000e+02 -7.990741544666872809e-01
-6.010000000000000000e+02 -7.990386346560636177e-01
-6.000000000000000000e+02 -7.990031085465290062e-01
-5.990000000000000000e+02 -7.989675761353443040e-01
-5.980000000000000000e+02 -7.989320374197718122e-01
-5.970000000000000000e+02 -7.988964923970689469e-01
-5.960000000000000000e+02 -7.988609410644973430e-01
-5.950000000000000000e+02 -7.988253834193019820e-01
-5.940000000000000000e+02 -7.987898194587396139e-01
-5.930000000000000000e+02 -7.987542491800568856e-01
-5.920000000000000000e+02 -7.987186725805054399e-01
-5.910000000000000000e+02 -7.986830896573197114e-01
-5.900000000000000000e+02 -7.986475004077497886e-01
-5.890000000000000000e+02 -7.986119048290329925e-01
-5.880000000000000000e+02 -7.985763029183945427e-01
-5.870000000000000000e+02 -7.985406946730836397e-01
-5.860000000000000000e+02 -7.985050800903215062e-01
-5.850000000000000000e+02 -7.984694591673439090e-01
-5.840000000000000000e+02 -7.984338319013700724e-01
-5.830000000000000000e+02 -7.983981982896261043e-01
-5.820000000000000000e+02 -7.983625583293373351e-01
-5.810000000000000000e+02 -7.983269120177168832e-01
-5.800000000000000000e+02 -7.982912593519826405e-01
-5.790000000000000000e+02 -7.982556003293468372e-01
-5.780000000000000000e+02 -7.982199349470181504e-01
-5.770000000000000000e+02 -7.981842632022150275e-01
-5.760000000000000000e+02 -7.981485850921296032e-01
-5.750000000000000000e+02 -7.981129006139771054e-01
-5.740000000000000000e+02 -7.980772097649460051e-01
-5.730000000000000000e+02 -7.980415125422457567e-01
-5.720000000000000000e+02 -7.980058089430664969e-01
-5.710000000000000000e+02 -7.979700989646000275e-01
-5.700000000000000000e+02 -7.979343826040401488e-01
-5.690000000000000000e+02 -7.978986598585712242e-01
-5.680000000000000000e+02 -7.978629307253780611e-01
-5.670000000000000000e+02 -7.978271952016465773e-01
-5.660000000000000000e+02 -7.977914532845539197e-01
-5.650000000000000000e+02 -7.977557049712765691e-01
-5.640000000000000000e+02 -7.977199502589910063e-01
-5.630000000000000000e+02 -7.976841891448683830e-01
-5.620000000000000000e+02 -7.976484216260791849e-01
-5.610000000000000000e+02 -7.976126476997915660e-01
-5.600000000000000000e+02 -7.975768673631598027e-01
-5.590000000000000000e+02 -7.975410806133573782e-01
-5.580000000000000000e+02 -7.975052874475394571e-01
-5.570000000000000000e+02 -7.974694878628578731e-01
-5.560000000000000000e+02 -7.974336818564714546e-01
-5.550000000000000000e+02 -7.973978694255279276e-01
-5.540000000000000000e+02 -7.973620505671734637e-01
-5.530000000000000000e+02 -7.973262252785610071e-01
-5.520000000000000000e+02 -7.972903935568275147e-01
-5.510000000000000000e+02 -7.972545553991146061e-01
-5.500000000000000000e+02 -7.972187108025592384e-01
-5.490000000000000000e+02 -7.971828597642940384e-01
-5.480000000000000000e+02 -7.971470022814531875e-01
-5.470000000000000000e+02 -7.971111383511695347e-01
-5.460000000000000000e+02 -7.970752679705659371e-01
-5.450000000000000000e+02 -7.970393911367643636e-01
-5.440000000000000000e+02 -7.970035078468916678e-01
-5.430000000000000000e+02 -7.969676180980604929e-01
-5.420000000000000000e+02 -7.969317218873959163e-01
-5.410000000000000000e+02 -7.968958192119997008e-01
-5.400000000000000000e+02 -7.968599100689874870e-01
-5.390000000000000000e+02 -7.968239944554644794e-01
-5.380000000000000000e+02 -7.967880723685428768e-01
-5.370000000000000000e+02 -7.967521438053176697e-01
-5.360000000000000000e+02 -7.967162087628892886e-01
-5.350000000000000000e+02 -7.966802672383556105e-01
-5.340000000000000000e+02 -7.966443192288127362e-01
-5.330000000000000000e+02 -7.966083647313493277e-01
-5.320000000000000000e+02 -7.965724037430530480e-01
-5.310000000000000000e+02 -7.965364362610134474e-01
-5.300000000000000000e+02 -7.965004622823091962e-01
-5.290000000000000000e+02 -7.964644818040199636e-01
-5.280000000000000000e+02 -7.964284948232256411e-01
-5.270000000000000000e+02 -7.963925013369980155e-01
-5.260000000000000000e+02 -7.963565013424158678e-01
-5.250000000000000000e+02 -7.963204948365405489e-01
-5.240000000000000000e+02 -7.962844818164438454e-01
-5.230000000000000000e+02 -7.962484622791865529e-01
-5.220000000000000000e+02 -7.962124362218248042e-01
-5.210000000000000000e+02 -7.961764036414248347e-01
-5.200000000000000000e+02 -7.961403645350358937e-01
-5.190000000000000000e+02 -7.961043188997106723e-01
-5.180000000000000000e+02 -7.960682667325031936e-01
-5.170000000000000000e+02 -7.960322080304541581e-01
-5.160000000000000000e+02 -7.959961427906095954e-01
-5.150000000000000000e+02 -7.959600710100055432e-01
-5.140000000000000000e+02 -7.959239926856939151e-01
-5.130000000000000000e+02 -7.958879078146953168e-01
-5.120000000000000000e+02 -7.958518163940448975e-01
-5.110000000000000000e+02 -7.958157184207763635e-01
-5.100000000000000000e+02 -7.957796138919144280e-01
-5.090000000000000000e+02 -7.957435028044871350e-01
-5.080000000000000000e+02 -7.957073851555076516e-01
-5.070000000000000000e+02 -7.956712609419964721e-01
-5.060000000000000000e+02 -7.956351301609715376e-01
-5.050000000000000000e+02 -7.955989928094394648e-01
-5.040000000000000000e+02 -7.955628488844164181e-01
-5.030000000000000000e+02 -7.955266983829063498e-01
-5.020000000000000000e+02 -7.954905413019105476e-01
-5.010000000000000000e+02 -7.954543776384305209e-01
-5.000000000000000000e+02 -7.954182073894677796e-01
-4.990000000000000000e+02 -7.953820305520129530e-01
-4.980000000000000000e+02 -7.953458471230592242e-01
-4.970000000000000000e+02 -7.953096570995965564e-01
-4.960000000000000000e+02 -7.952734604786046990e-01
-4.950000000000000000e+02 -7.952372572570793885e-01
-4.940000000000000000e+02 -7.952010474319933797e-01
-4.930000000000000000e+02 -7.951648310003197606e-01
-4.920000000000000000e+02 -7.951286079590417222e-01
-4.910000000000000000e+02 -7.950923783051244698e-01
-4.900000000000000000e+02 -7.950561420355399811e-01
-4.890000000000000000e+02 -7.950198991472527954e-01
-4.880000000000000000e+02 -7.949836496372280070e-01
-4.870000000000000000e+02 -7.949473935024209403e-01
-4.860000000000000000e+02 -7.949111307397884740e-01
-4.850000000000000000e+02 -7.948748613462827128e-01
-4.840000000000000000e+02 -7.948385853188585370e-01
-4.830000000000000000e+02 -7.948023026544661640e-01
-4.820000000000000000e+02 -7.947660133500510371e-01
-4.810000000000000000e+02 -7.947297174025436117e-01
-4.800000000000000000e+02 -7.946934148088888872e-01
-4.790000000000000000e+02 -7.946571055660278660e-01
-4.780000000000000000e+02 -7.946207896708874507e-01
-4.770000000000000000e+02 -7.945844671203998733e-01
-4.760000000000000000e+02 -7.945481379114898157e-01
-4.750000000000000000e+02 -7.945118020410844029e-01
-4.740000000000000000e+02 -7.944754595061034319e-01
-4.730000000000000000e+02 -7.944391103034612600e-01
-4.720000000000000000e+02 -7.944027544300755750e-01
-4.710000000000000000e+02 -7.943663918828571813e-01
-4.700000000000000000e+02 -7.943300226587191037e-01
-4.690000000000000000e+02 -7.942936467545591572e-01
-4.680000000000000000e+02 -7.942572641672834832e-01
-4.670000000000000000e+02 -7.942208748937947815e-01
-4.660000000000000000e+02 -7.941844789309832064e-01
-4.650000000000000000e+02 -7.941480762757475720e-01
-4.640000000000000000e+02 -7.941116669249780324e-01
-4.630000000000000000e+02 -7.940752508755589689e-01
-4.620000000000000000e+02 -7.940388281243765389e-01
-4.610000000000000000e+02 -7.940023986683100166e-01
-4.600000000000000000e+02 -7.939659625042384539e-01
-4.590000000000000000e+02 -7.939295196290382384e-01
-4.580000000000000000e+02 -7.938930700395798734e-01
-4.570000000000000000e+02 -7.938566137327333072e-01
-4.560000000000000000e+02 -7.938201507053649353e-01
-4.550000000000000000e+02 -7.937836809543306060e-01
-4.540000000000000000e+02 -7.937472044765007118e-01
-4.530000000000000000e+02 -7.937107212687234403e-01
-4.520000000000000000e+02 -7.936742313278555283e-01
-4.510000000000000000e+02 -7.936377346507463848e-01
-4.500000000000000000e+02 -7.936012312342445307e-01
-4.490000000000000000e+02 -7.935647210751892722e-01
-4.480000000000000000e+02 -7.935282041704271316e-01
-4.470000000000000000e+02 -7.934916805167933074e-01
-4.460000000000000000e+02 -7.934551501111223315e-01
-4.450000000000000000e+02 -7.934186129502478479e-01
-4.440000000000000000e+02 -7.933820690309916213e-01
-4.430000000000000000e+02 -7.933455183501841868e-01
-4.420000000000000000e+02 -7.933089609046449775e-01
-4.410000000000000000e+02 -7.932723966911967572e-01
-4.400000000000000000e+02 -7.932358257066529639e-01
-4.390000000000000000e+02 -7.931992479478241487e-01
-4.380000000000000000e+02 -7.931626634115227503e-01
-4.370000000000000000e+02 -7.931260720945518816e-01
-4.360000000000000000e+02 -7.930894739937141003e-01
-4.350000000000000000e+02 -7.930528691058138513e-01
-4.340000000000000000e+02 -7.930162574276397036e-01
-4.330000000000000000e+02 -7.929796389559947700e-01
-4.320000000000000000e+02 -7.929430136876625124e-01
-4.310000000000000000e+02 -7.929063816194297232e-01
-4.300000000000000000e+02 -7.928697427480829729e-01
-4.290000000000000000e+02 -7.928330970704036140e-01
-4.280000000000000000e+02 -7.927964445831640061e-01
-4.270000000000000000e+02 -7.927597852831445024e-01
-4.260000000000000000e+02 -7.927231191671123556e-01
-4.250000000000000000e+02 -7.926864462318340410e-01
-4.240000000000000000e+02 -7.926497664740742577e-01
-4.230000000000000000e+02 -7.926130798905957064e-01
-4.220000000000000000e+02 -7.925763864781613099e-01
-4.210000000000000000e+02 -7.925396862335160053e-01
-4.200000000000000000e+02 -7.925029791534163870e-01
-4.190000000000000000e+02 -7.924662652346059488e-01
-4.180000000000000000e+02 -7.924295444738381766e-01
-4.170000000000000000e+02 -7.923928168678485706e-01
-4.160000000000000000e+02 -7.923560824133729641e-01
-4.150000000000000000e+02 -7.923193411071549619e-01
-4.140000000000000000e+02 -7.922825929459205163e-01
-4.130000000000000000e+02 -7.922458379263969119e-01
-4.120000000000000000e+02 -7.922090760453143199e-01
-4.110000000000000000e+02 -7.921723072993889225e-01
-4.100000000000000000e+02 -7.921355316853452289e-01
-4.090000000000000000e+02 -7.920987491998932040e-01
-4.080000000000000000e+02 -7.920619598397521388e-01
-4.070000000000000000e+02 -7.920251636016203411e-01
-4.060000000000000000e+02 -7.919883604822125500e-01
-4.050000000000000000e+02 -7.919515504782239645e-01
-4.040000000000000000e+02 -7.919147335863631065e-01
-4.030000000000000000e+02 -7.918779098033124075e-01
-4.020000000000000000e+02 -7.918410791257721737e-01
-4.010000000000000000e+02 -7.918042415504316089e-01
-4.000000000000000000e+02 -7.917673970739704803e-01
-3.990000000000000000e+02 -7.917305456930768814e-01
-3.980000000000000000e+02 -7.916936874044258055e-01
-3.970000000000000000e+02 -7.916568222046949099e-01
-3.960000000000000000e+02 -7.916199500905546360e-01
-3.950000000000000000e+02 -7.915830710586759800e-01
-3.940000000000000000e+02 -7.915461851057216114e-01
-3.930000000000000000e+02 -7.915092922283545329e-01
-3.920000000000000000e+02 -7.914723924232334173e-01
-3.910000000000000000e+02 -7.914354856870120525e-01
-3.900000000000000000e+02 -7.913985720163453363e-01
-3.890000000000000000e+02 -7.913616514078783970e-01
-3.880000000000000000e+02 -7.913247238582578058e-01
-3.870000000000000000e+02 -7.912877893641290239e-01
-3.860000000000000000e+02 -7.912508479221240787e-01
-3.850000000000000000e+02 -7.912138995288828802e-01
-3.840000000000000000e+02 -7.911769441810272419e-01
-3.830000000000000000e+02 -7.911399818751968516e-01
-3.820000000000000000e+02 -7.911030126080096370e-01
-3.810000000000000000e+02 -7.910660363760951830e-01
-3.800000000000000000e+02 -7.910290531760599819e-01
-3.790000000000000000e+02 -7.909920630045226275e-01
-3.780000000000000000e+02 -7.909550658580956073e-01
-3.770000000000000000e+02 -7.909180617333896324e-01
-3.760000000000000000e+02 -7.908810506269998708e-01
-3.750000000000000000e+02 -7.908440325355333700e-01
-3.740000000000000000e+02 -7.908070074555885176e-01
-3.730000000000000000e+02 -7.907699753837533763e-01
-3.720000000000000000e+02 -7.907329363166218927e-01
-3.710000000000000000e+02 -7.906958902507792430e-01
-3.700000000000000000e+02 -7.906588371828124906e-01
-3.690000000000000000e+02 -7.906217771092959312e-01
-3.680000000000000000e+02 -7.905847100268106331e-01
-3.670000000000000000e+02 -7.905476359319256741e-01
-3.660000000000000000e+02 -7.905105548212136846e-01
-3.650000000000000000e+02 -7.904734666912375252e-01
-3.640000000000000000e+02 -7.904363715385620548e-01
-3.630000000000000000e+02 -7.903992693597474695e-01
-3.620000000000000000e+02 -7.903621601513450834e-01
-3.610000000000000000e+02 -7.903250439099100966e-01
-3.600000000000000000e+02 -7.902879206319911587e-01
-3.590000000000000000e+02 -7.902507903141301471e-01
-3.580000000000000000e+02 -7.902136529528713815e-01
-3.570000000000000000e+02 -7.901765085447507442e-01
-3.560000000000000000e+02 -7.901393570863028959e-01
-3.550000000000000000e+02 -7.901021985740638298e-01
-3.540000000000000000e+02 -7.900650330045497771e-01
-3.530000000000000000e+02 -7.900278603742973971e-01
-3.520000000000000000e+02 -7.899906806798173697e-01
-3.510000000000000000e+02 -7.899534939176342530e-01
-3.500000000000000000e+02 -7.899163000842501781e-01
-3.490000000000000000e+02 -7.898790991761845959e-01
-3.480000000000000000e+02 -7.898418911899396377e-01
-3.470000000000000000e+02 -7.898046761220208767e-01
-3.460000000000000000e+02 -7.897674539689224504e-01
-3.450000000000000000e+02 -7.897302247271403841e-01
-3.440000000000000000e+02 -7.896929883931721461e-01
-3.430000000000000000e+02 -7.896557449635009940e-01
-3.420000000000000000e+02 -7.896184944346112955e-01
-3.410000000000000000e+02 -7.895812368029844208e-01
-3.400000000000000000e+02 -7.895439720651024063e-01
-3.390000000000000000e+02 -7.895067002174279702e-01
-3.380000000000000000e+02 -7.894694212564477009e-01
-3.370000000000000000e+02 -7.894321351786166563e-01
-3.360000000000000000e+02 -7.893948419804022176e-01
-3.350000000000000000e+02 -7.893575416582575555e-01
-3.340000000000000000e+02 -7.893202342086508283e-01
-3.330000000000000000e+02 -7.892829196280216619e-01
-3.320000000000000000e+02 -7.892455979128190080e-01
-3.310000000000000000e+02 -7.892082690594977024e-01
-3.300000000000000000e+02 -7.891709330644928189e-01
-3.290000000000000000e+02 -7.891335899242436502e-01
-3.280000000000000000e+02 -7.890962396351869357e-01
-3.270000000000000000e+02 -7.890588821937466468e-01
-3.260000000000000000e+02 -7.890215175963511962e-01
-3.250000000000000000e+02 -7.889841458394298845e-01
-3.240000000000000000e+02 -7.889467669193968025e-01
-3.230000000000000000e+02 -7.889093808326663737e-01
-3.220000000000000000e+02 -7.888719875756549094e-01
-3.210000000000000000e+02 -7.888345871447708380e-01
-3.200000000000000000e+02 -7.887971795364144834e-01
-3.190000000000000000e+02 -7.887597647469909434e-01
-3.180000000000000000e+02 -7.887223427728984326e-01
-3.170000000000000000e+02 -7.886849136105297253e-01
-3.160000000000000000e+02 -7.886474772562690472e-01
-3.150000000000000000e+02 -7.886100337065130583e-01
-3.140000000000000000e+02 -7.885725829576341050e-01
-3.130000000000000000e+02 -7.885351250060225192e-01
-3.120000000000000000e+02 -7.884976598480478716e-01
-3.110000000000000000e+02 -7.884601874800752919e-01
-3.100000000000000000e+02 -7.884227078984830106e-01
-3.090000000000000000e+02 -7.883852210996313836e-01
-3.080000000000000000e+02 -7.883477270798812109e-01
-3.070000000000000000e+02 -7.883102258355871861e-01
-3.060000000000000000e+02 -7.882727173631072226e-01
-3.050000000000000000e+02 -7.882352016587844679e-01
-3.040000000000000000e+02 -7.881976787189691747e-01
-3.030000000000000000e+02 -7.881601485400001605e-01
-3.020000000000000000e+02 -7.881226111182197958e-01
-3.010000000000000000e+02 -7.880850664499564617e-01
-3.000000000000000000e+02 -7.880475145315477548e-01
-2.990000000000000000e+02 -7.880099553593156170e-01
-2.980000000000000000e+02 -7.879723889295821015e-01
-2.970000000000000000e+02 -7.879348152386714821e-01
-2.960000000000000000e+02 -7.878972342828963749e-01
-2.950000000000000000e+02 -7.878596460585690631e-01
-2.940000000000000000e+02 -7.878220505619935032e-01
-2.930000000000000000e+02 -7.877844477894859754e-01
-2.920000000000000000e+02 -7.877468377373314512e-01
-2.910000000000000000e+02 -7.877092204018389943e-01
-2.900000000000000000e+02 -7.876715957792972400e-01
-2.890000000000000000e+02 -7.876339638659930475e-01
-2.880000000000000000e+02 -7.875963246582136090e-01
-2.870000000000000000e+02 -7.875586781522418978e-01
-2.860000000000000000e+02 -7.875210243443545588e-01
-2.850000000000000000e+02 -7.874833632308232412e-01
-2.840000000000000000e+02 -7.874456948079232577e-01
-2.830000000000000000e+02 -7.874080190719142669e-01
-2.820000000000000000e+02 -7.873703360190646983e-01
-2.810000000000000000e+02 -7.873326456456339884e-01
-2.800000000000000000e+02 -7.872949479478683621e-01
-2.790000000000000000e+02 -7.872572429220283663e-01
-2.780000000000000000e+02 -7.872195305643561181e-01
-2.770000000000000000e+02 -7.871818108711009510e-01
-2.760000000000000000e+02 -7.871440838384898830e-01
-2.750000000000000000e+02 -7.871063494627729140e-01
-2.740000000000000000e+02 -7.870686077401698455e-01
-2.730000000000000000e+02 -7.870308586669176876e-01
-2.720000000000000000e+02 -7.869931022392411268e-01
-2.710000000000000000e+02 -7.869553384533490847e-01
-2.700000000000000000e+02 -7.869175673054705777e-01
-2.690000000000000000e+02 -7.868797887918108636e-01
-2.680000000000000000e+02 -7.868420029085816392e-01
-2.670000000000000000e+02 -7.868042096519892725e-01
-2.660000000000000000e+02 -7.867664090182295844e-01
-2.650000000000000000e+02 -7.867286010035025035e-01
-2.640000000000000000e+02 -7.866907856040041835e-01
-2.630000000000000000e+02 -7.866529628159214527e-01
-2.620000000000000000e+02 -7.866151326354356987e-01
-2.610000000000000000e+02 -7.865772950587324175e-01
-2.600000000000000000e+02 -7.865394500819899992e-01
-2.590000000000000000e+02 -7.865015977013812831e-01
-2.580000000000000000e+02 -7.864637379130752226e-01
-2.570000000000000000e+02 -7.864258707132403270e-01
-2.560000000000000000e+02 -7.863879960980353356e-01
-2.550000000000000000e+02 -7.863501140636187658e-01
-2.540000000000000000e+02 -7.863122246061478027e-01
-2.530000000000000000e+02 -7.862743277217674187e-01
-2.520000000000000000e+02 -7.862364234066285817e-01
-2.510000000000000000e+02 -7.861985116568712684e-01
-2.500000000000000000e+02 -7.861605924686343450e-01
-2.490000000000000000e+02 -7.861226658380555676e-01
-2.480000000000000000e+02 -7.860847317612604801e-01
-2.470000000000000000e+02 -7.860467902343777347e-01
-2.460000000000000000e+02 -7.860088412535313207e-01
-2.450000000000000000e+02 -7.859708848148371230e-01
-2.440000000000000000e+02 -7.859329209144138018e-01
-2.430000000000000000e+02 -7.858949495483660286e-01
-2.420000000000000000e+02 -7.858569707128079118e-01
-2.410000000000000000e+02 -7.858189844038367955e-01
-2.400000000000000000e+02 -7.857809906175569070e-01
-2.390000000000000000e+02 -7.857429893500592621e-01
-2.380000000000000000e+02 -7.857049805974326562e-01
-2.370000000000000000e+02 -7.856669643557659954e-01
-2.360000000000000000e+02 -7.856289406211446336e-01
-2.350000000000000000e+02 -7.855909093896491502e-01
-2.340000000000000000e+02 -7.855528706573505771e-01
-2.330000000000000000e+02 -7.855148244203160601e-01
-2.320000000000000000e+02 -7.854767706746200728e-01
-2.310000000000000000e+02 -7.854387094163233218e-01
-2.300000000000000000e+02 -7.854006406414860697e-01
-2.290000000000000000e+02 -7.853625643461605854e-01
-2.280000000000000000e+02 -7.853244805263944750e-01
-2.270000000000000000e+02 -7.852863891782440042e-01
-2.260000000000000000e+02 -7.852482902977452328e-01
-2.250000000000000000e+02 -7.852101838809381062e-01
-2.240000000000000000e+02 -7.851720699238610157e-01
-2.230000000000000000e+02 -7.851339484225435816e-01
-2.220000000000000000e+02 -7.850958193730036561e-01
-2.210000000000000000e+02 -7.850576827712735239e-01
-2.200000000000000000e+02 -7.850195386133707043e-01
-2.190000000000000000e+02 -7.849813868953103846e-01
-2.180000000000000000e+02 -7.849432276131038666e-01
-2.170000000000000000e+02 -7.849050607627460208e-01
-2.160000000000000000e+02 -7.848668863402554763e-01
-2.150000000000000000e+02 -7.848287043416183328e-01
-2.140000000000000000e+02 -7.847905147628394529e-01
-2.130000000000000000e+02 -7.847523175999023826e-01
-2.120000000000000000e+02 -7.847141128487890027e-01
-2.110000000000000000e+02 -7.846759005054889657e-01
-2.100000000000000000e+02 -7.846376805659799336e-01
-2.090000000000000000e+02 -7.845994530262300204e-01
-2.080000000000000000e+02 -7.845612178822088945e-01
-2.070000000000000000e+02 -7.845229751298897769e-01
-2.060000000000000000e+02 -7.844847247652263489e-01
-2.050000000000000000e+02 -7.844464667841755112e-01
-2.040000000000000000e+02 -7.844082011826940537e-01
-2.030000000000000000e+02 -7.843699279567271088e-01
-2.020000000000000000e+02 -7.843316471022194758e-01
-2.010000000000000000e+02 -7.842933586151112912e-01
-2.000000000000000000e+02 -7.842550624913366963e-01
-1.990000000000000000e+02 -7.842167587268277229e-01
-1.980000000000000000e+02 -7.841784473175117398e-01
-1.970000000000000000e+02 -7.841401282593042366e-01
-1.960000000000000000e+02 -7.841018015481312498e-01
-1.950000000000000000e+02 -7.840634671799060484e-01
-1.940000000000000000e+02 -7.840251251505316876e-01
-1.930000000000000000e+02 -7.839867754559086688e-01
-1.920000000000000000e+02 -7.839484180919422673e-01
-1.910000000000000000e+02 -7.839100530545206613e-01
-1.900000000000000000e+02 -7.838716803395388011e-01
-1.890000000000000000e+02 -7.838332999428708758e-01
-1.880000000000000000e+02 -7.837949118603986243e-01
-1.870000000000000000e+02 -7.837565160879947923e-01
-1.860000000000000000e+02 -7.837181126215224669e-01
-1.850000000000000000e+02 -7.836797014568401831e-01
-1.840000000000000000e+02 -7.836412825898020351e-01
-1.830000000000000000e+02 -7.836028560162530132e-01
-1.820000000000000000e+02 -7.835644217320342220e-01
-1.810000000000000000e+02 -7.835259797329693354e-01
-1.800000000000000000e+02 -7.834875300148913535e-01
-1.790000000000000000e+02 -7.834490725736009686e-01
-1.780000000000000000e+02 -7.834106074049085322e-01
-1.770000000000000000e+02 -7.833721345046061879e-01
-1.760000000000000000e+02 -7.833336538684660955e-01
-1.750000000000000000e+02 -7.832951654922669649e-01
-1.740000000000000000e+02 -7.832566693717553097e-01
-1.730000000000000000e+02 -7.832181655026695388e-01
-1.720000000000000000e+02 -7.831796538807347385e-01
-1.710000000000000000e+02 -7.831411345016474623e-01
-1.700000000000000000e+02 -7.831026073610829474e-01
-1.690000000000000000e+02 -7.830640724547056619e-01
-1.680000000000000000e+02 -7.830255297781323343e-01
-1.670000000000000000e+02 -7.829869793269645939e-01
-1.660000000000000000e+02 -7.829484210967613267e-01
-1.650000000000000000e+02 -7.829098550830450032e-01
-1.640000000000000000e+02 -7.828712812812858024e-01
-1.630000000000000000e+02 -7.828326996869136023e-01
-1.620000000000000000e+02 -7.827941102952885588e-01
-1.610000000000000000e+02 -7.827555131017135404e-01
-1.600000000000000000e+02 -7.827169081014089258e-01
-1.590000000000000000e+02 -7.826782952895052770e-01
-1.580000000000000000e+02 -7.826396746610445598e-01
-1.570000000000000000e+02 -7.826010462109338484e-01
-1.560000000000000000e+02 -7.825624099339778539e-01
-1.550000000000000000e+02 -7.825237658248014316e-01
-1.540000000000000000e+02 -7.824851138778742277e-01
-1.530000000000000000e+02 -7.824464540874613849e-01
-1.520000000000000000e+02 -7.824077864476084443e-01
-1.510000000000000000e+02 -7.823691109520818365e-01
-1.500000000000000000e+02 -7.823304275943653296e-01
-1.490000000000000000e+02 -7.822917363675870872e-01
-1.480000000000000000e+02 -7.822530372644815877e-01
-1.470000000000000000e+02 -7.822143302773263418e-01
-1.460000000000000000e+02 -7.821756153978705051e-01
-1.450000000000000000e+02 -7.821368926172617142e-01
-1.440000000000000000e+02 -7.820981619259473883e-01
-1.430000000000000000e+02 -7.820594233135811368e-01
-1.420000000000000000e+02 -7.820206767688876459e-01
-1.410000000000000000e+02 -7.819819222795353353e-01
-1.400000000000000000e+02 -7.819431598319772636e-01
-1.390000000000000000e+02 -7.819043894112444049e-01
-1.380000000000000000e+02 -7.818656110007765614e-01
-1.370000000000000000e+02 -7.818268245821230478e-01
-1.360000000000000000e+02 -7.817880301347116534e-01
-1.350000000000000000e+02 -7.817492276354873759e-01
-1.340000000000000000e+02 -7.817104170585617018e-01
-1.330000000000000000e+02 -7.816715983747738461e-01
-1.320000000000000000e+02 -7.816327715511981467e-01
-1.310000000000000000e+02 -7.815939365505543135e-01
-1.300000000000000000e+02 -7.815550933305949188e-01
-1.290000000000000000e+02 -7.815162418432970437e-01
-1.280000000000000000e+02 -7.814773820340219501e-01
-1.270000000000000000e+02 -7.814385138405118836e-01
-1.260000000000000000e+02 -7.813996371917152350e-01
-1.250000000000000000e+02 -7.813607520064718148e-01
-1.240000000000000000e+02 -7.813218581919753047e-01
-1.230000000000000000e+02 -7.812829556420048949e-01
-1.220000000000000000e+02 -7.812440442349013470e-01
-1.210000000000000000e+02 -7.812051238312086587e-01
-1.200000000000000000e+02 -7.811661942709993145e-01
-1.190000000000000000e+02 -7.811272553707484523e-01
-1.180000000000000000e+02 -7.810883069197744888e-01
-1.170000000000000000e+02 -7.810493486761153070e-01
-1.160000000000000000e+02 -7.810103803617792773e-01
-1.150000000000000000e+02 -7.809714016572925077e-01
-1.140000000000000000e+02 -7.809324121953996611e-01
-1.130000000000000000e+02 -7.808934115538429532e-01
-1.120000000000000000e+02 -7.808543992469759720e-01
-1.110000000000000000e+02 -7.808153747162105418e-01
-1.100000000000000000e+02 -7.807763373189092748e-01
-1.090000000000000000e+02 -7.807372863156665233e-01
-1.080000000000000000e+02 -7.806982208556334513e-01
-1.070000000000000000e+02 -7.806591399596096714e-01
-1.060000000000000000e+02 -7.806200425006009080e-01
-1.050000000000000000e+02 -7.805809271813860528e-01
-1.040000000000000000e+02 -7.805417925087243525e-01
-1.030000000000000000e+02 -7.805026367636190843e-01
-1.020000000000000000e+02 -7.804634579671027028e-01
-1.010000000000000000e+02 -7.804242538408012742e-01
-1.000000000000000000e+02 -7.803850217615529994e-01
-9.900000000000000000e+01 -7.803457587091022774e-01
-9.800000000000000000e+01 -7.803064612059226191e-01
-9.700000000000000000e+01 -7.802671252478458053e-01
-9.600000000000000000e+01 -7.802277462242374062e-01
-9.500000000000000000e+01 -7.801883188260123614e-01
-9.400000000000000000e+01 -7.801488369397567846e-01
-9.300000000000000000e+01 -7.801092935257319949e-01
-9.200000000000000000e+01 -7.800696804774598370e-01
-9.100000000000000000e+01 -7.800299884599390943e-01
-9.000000000000000000e+01 -7.799902067233809300e-01
-8.900000000000000000e+01 -7.799503228886868200e-01
-8.800000000000000000e+01 -7.799103227004079431e-01
-8.700000000000000000e+01 -7.798701897422350982e-01
-8.600000000000000000e+01 -7.798299051093506851e-01
-8.500000000000000000e+01 -7.797894470311432791e-01
-8.400000000000000000e+01 -7.797487904366500189e-01
-8.300000000000000000e+01 -7.797079064541937443e-01
-8.200000000000000000e+01 -7.796667618351171836e-01
-8.100000000000000000e+01 -7.796253182901544676e-01
-8.000000000000000000e+01 -7.795835317252272079e-01
-7.900000000000000000e+01 -7.795413513613900225e-01
-7.800000000000000000e+01 -7.794987187213534563e-01
-7.700000000000000000e+01 -7.794555664624291946e-01
-7.600000000000000000e+01 -7.794118170325765593e-01
-7.500000000000000000e+01 -7.793673811227721515e-01
-7.400000000000000000e+01 -7.793221558848755226e-01
-7.300000000000000000e+01 -7.792760228794328725e-01
-7.200000000000000000e+01 -7.792288457126030909e-01
-7.100000000000000000e+01 -7.791804673150872773e-01
-7.000000000000000000e+01 -7.791307068089512455e-01
-6.900000000000000000e+01 -7.790793558999534740e-01
-6.800000000000000000e+01 -7.790261747236758572e-01
-6.700000000000000000e+01 -7.789708870629096227e-01
-6.600000000000000000e+01 -7.789131748412602141e-01
-6.500000000000000000e+01 -7.788526717838121227e-01
-6.400000000000000000e+01 -7.787889561190693977e-01
-6.300000000000000000e+01 -7.787215421777307078e-01
-6.200000000000000000e+01 -7.786498707221156668e-01
-6.100000000000000000e+01 -7.785732978152403172e-01
-6.000000000000000000e+01 -7.784910820101331730e-01
-5.900000000000000000e+01 -7.784023696072357446e-01
-5.800000000000000000e+01 -7.783061776904517393e-01
-5.700000000000000000e+01 -7.782013746096959617e-01
-5.600000000000000000e+01 -7.780866575286812248e-01
-5.500000000000000000e+01 -7.779605266012080689e-01
-5.400000000000000000e+01 -7.778212552753680509e-01
-5.300000000000000000e+01 -7.776668561527727563e-01
-5.200000000000000000e+01 -7.774950417475898767e-01
-5.100000000000000000e+01 -7.773031793970747172e-01
-5.000000000000000000e+01 -7.770882394696977391e-01
-4.900000000000000000e+01 -7.768467358984064708e-01
-4.800000000000000000e+01 -7.765746579330931043e-01
-4.700000000000000000e+01 -7.762673918574535259e-01
-4.600000000000000000e+01 -7.759196312497519399e-01
-4.500000000000000000e+01 -7.755252741844155251e-01
-4.400000000000000000e+01 -7.750773055711005499e-01
-4.300000000000000000e+01 -7.745676626113572327e-01
-4.200000000000000000e+01 -7.739870811213063195e-01
-4.100000000000000000e+01 -7.733249202256412547e-01
-4.000000000000000000e+01 -7.725689626790650522e-01
-3.900000000000000000e+01 -7.717051878244941543e-01
-3.800000000000000000e+01 -7.707175139656765595e-01
-3.700000000000000000e+01 -7.695875067329778219e-01
-3.600000000000000000e+01 -7.682940498801485996e-01
-3.500000000000000000e+01 -7.668129749011162177e-01
-3.400000000000000000e+01 -7.651166459449425528e-01
-3.300000000000000000e+01 -7.631734967956734783e-01
-3.200000000000000000e+01 -7.609475172506828811e-01
-3.100000000000000000e+01 -7.583976871793873809e-01
-3.000000000000000000e+01 -7.554773580033045111e-01
-2.900000000000000000e+01 -7.521335834693005928e-01
-2.800000000000000000e+01 -7.483064045868647041e-01
-2.700000000000000000e+01 -7.439280977004658624e-01
-2.600000000000000000e+01 -7.389224001355156890e-01
-2.500000000000000000e+01 -7.332037349843599783e-01
-2.400000000000000000e+01 -7.266764656863103911e-01
-2.300000000000000000e+01 -7.192342223739139895e-01
-2.200000000000000000e+01 -7.107593556965091652e-01
-2.100000000000000000e+01 -7.011225900138735589e-01
-2.000000000000000000e+01 -6.901829662134784105e-01
-1.900000000000000000e+01 -6.777881842358827180e-01
-1.800000000000000000e+01 -6.637754753397324681e-01
-1.700000000000000000e+01 -6.479731519762398362e-01
-1.600000000000000000e+01 -6.302029955537341577e-01
-1.500000000000000000e+01 -6.102836447947052045e-01
-1.400000000000000000e+01 -5.880351340081744205e-01
-1.300000000000000000e+01 -5.632846946717456893e-01
-1.200000000000000000e+01 -5.358738683032061578e-01
-1.100000000000000000e+01 -5.056668779456681140e-01
-1.000000000000000000e+01 -4.725600671507196315e-01
-9.000000000000000000e+00 -4.364920423887690415e-01
-8.000000000000000000e+00 -3.974539591351579637e-01
-7.000000000000000000e+00 -3.554991958246026540e-01
-6.000000000000000000e+00 -3.107514964983720818e-01
-5.000000000000000000e+00 -2.634105731393926453e-01
-4.000000000000000000e+00 -2.137541841086920413e-01
-3.000000000000000000e+00 -1.621358778113217436e-01
-2.000000000000000000e+00 -1.089779209109905805e-01
-1.000000000000000000e+00 -5.475939626547499106e-02
0.000000000000000000e+00 -6.842351523412461370e-12
1.000000000000000000e+00 5.475939625205659272e-02
2.000000000000000000e+00 1.089779208977154357e-01
3.000000000000000000e+00 1.621358777984017729e-01
4.000000000000000000e+00 2.137541840962161321e-01
5.000000000000000000e+00 2.634105731274418161e-01
6.000000000000000000e+00 3.107514964869631524e-01
7.000000000000000000e+00 3.554991958138836172e-01
8.000000000000000000e+00 3.974539591252673199e-01
9.000000000000000000e+00 4.364920423795430882e-01
1.000000000000000000e+01 4.725600671422795496e-01
1.100000000000000000e+01 5.056668779379210887e-01
1.200000000000000000e+01 5.358738682961786681e-01
1.300000000000000000e+01 5.632846946653865539e-01
1.400000000000000000e+01 5.880351340024491114e-01
1.500000000000000000e+01 6.102836447895840788e-01
1.600000000000000000e+01 6.302029955492043367e-01
1.700000000000000000e+01 6.479731519722007338e-01
1.800000000000000000e+01 6.637754753361575499e-01
1.900000000000000000e+01 6.777881842327214690e-01
2.000000000000000000e+01 6.901829662107148433e-01
2.100000000000000000e+01 7.011225900114451681e-01
2.200000000000000000e+01 7.107593556943746504e-01
2.300000000000000000e+01 7.192342223720629146e-01
2.400000000000000000e+01 7.266764656847131132e-01
2.500000000000000000e+01 7.332037349829573225e-01
2.600000000000000000e+01 7.389224001343076553e-01
2.700000000000000000e+01 7.439280976994254724e-01
2.800000000000000000e+01 7.483064045859633140e-01
2.900000000000000000e+01 7.521335834685359822e-01
3.000000000000000000e+01 7.554773580026572510e-01
3.100000000000000000e+01 7.583976871788304930e-01
3.200000000000000000e+01 7.609475172502173645e-01
3.300000000000000000e+01 7.631734967952826798e-01
3.400000000000000000e+01 7.651166459446135937e-01
3.500000000000000000e+01 7.668129749008459894e-01
3.600000000000000000e+01 7.682940498799332163e-01
3.700000000000000000e+01 7.695875067328006303e-01
3.800000000000000000e+01 7.707175139655400020e-01
3.900000000000000000e+01 7.717051878243956775e-01
4.000000000000000000e+01 7.725689626789919995e-01
4.100000000000000000e+01 7.733249202255945143e-01
4.200000000000000000e+01 7.739870811212806734e-01
4.300000000000000000e+01 7.745676626113496832e-01
4.400000000000000000e+01 7.750773055711140946e-01
4.500000000000000000e+01 7.755252741844415043e-01
4.600000000000000000e+01 7.759196312497906867e-01
4.700000000000000000e+01 7.762673918575041521e-01
4.800000000000000000e+01 7.765746579331546107e-01
4.900000000000000000e+01 7.768467358984741944e-01
5.000000000000000000e+01 7.770882394697734563e-01
5.100000000000000000e+01 7.773031793971590941e-01
5.200000000000000000e+01 7.774950417476802489e-01
5.300000000000000000e+01 7.776668561528645718e-01
5.400000000000000000e+01 7.778212552754677489e-01
5.500000000000000000e+01 7.779605266013100984e-01
5.600000000000000000e+01 7.780866575287869180e-01
5.700000000000000000e+01 7.782013746098045415e-01
5.800000000000000000e+01 7.783061776905638718e-01
5.900000000000000000e+01 7.784023696073434362e-01
6.000000000000000000e+01 7.784910820102470819e-01
6.100000000000000000e+01 7.785732978153572237e-01
6.200000000000000000e+01 7.786498707222352378e-01
6.300000000000000000e+01 7.787215421778541646e-01
6.400000000000000000e+01 7.787889561191941867e-01
6.500000000000000000e+01 7.788526717839365787e-01
6.600000000000000000e+01 7.789131748413838929e-01
6.700000000000000000e+01 7.789708870630345228e-01
6.800000000000000000e+01 7.790261747238043100e-01
6.900000000000000000e+01 7.790793559000815938e-01
7.000000000000000000e+01 7.791307068090829180e-01
7.100000000000000000e+01 7.791804673152169514e-01
7.200000000000000000e+01 7.792288457127332091e-01
7.300000000000000000e+01 7.792760228795652111e-01
7.400000000000000000e+01 7.793221558850076391e-01
7.500000000000000000e+01 7.793673811229081538e-01
7.600000000000000000e+01 7.794118170327084538e-01
7.700000000000000000e+01 7.794555664625633096e-01
7.800000000000000000e+01 7.794987187214861279e-01
7.900000000000000000e+01 7.795413513615246925e-01
8.000000000000000000e+01 7.795835317253629881e-01
8.100000000000000000e+01 7.796253182902888046e-01
8.200000000000000000e+01 7.796667618352540741e-01
8.300000000000000000e+01 7.797079064543349647e-01
8.400000000000000000e+01 7.797487904367872424e-01
8.500000000000000000e+01 7.797894470312787263e-01
8.600000000000000000e+01 7.798299051094929046e-01
8.700000000000000000e+01 7.798701897423735430e-01
8.800000000000000000e+01 7.799103227005476091e-01
8.900000000000000000e+01 7.799503228888251538e-01
9.000000000000000000e+01 7.799902067235184866e-01
9.100000000000000000e+01 7.800299884600792044e-01
9.200000000000000000e+01 7.800696804776000581e-01
9.300000000000000000e+01 7.801092935258729932e-01
9.400000000000000000e+01 7.801488369399015577e-01
9.500000000000000000e+01 7.801883188261594659e-01
9.600000000000000000e+01 7.802277462243811801e-01
9.700000000000000000e+01 7.802671252479901343e-01
9.800000000000000000e+01 7.803064612060652827e-01
9.900000000000000000e+01 7.803457587092497150e-01
1.000000000000000000e+02 7.803850217616974394e-01
1.010000000000000000e+02 7.804242538409487118e-01
1.020000000000000000e+02 7.804634579672504735e-01
1.030000000000000000e+02 7.805026367637662998e-01
1.040000000000000000e+02 7.805417925088705688e-01
1.050000000000000000e+02 7.805809271815347117e-01
1.060000000000000000e+02 7.806200425007477905e-01
1.070000000000000000e+02 7.806591399597582193e-01
1.080000000000000000e+02 7.806982208557800007e-01
1.090000000000000000e+02 7.807372863158125176e-01
1.100000000000000000e+02 7.807763373190553802e-01
1.110000000000000000e+02 7.808153747163596448e-01
1.120000000000000000e+02 7.808543992471275175e-01
1.130000000000000000e+02 7.808934115539922782e-01
1.140000000000000000e+02 7.809324121955524278e-01
1.150000000000000000e+02 7.809714016574407225e-01
1.160000000000000000e+02 7.810103803619297125e-01
1.170000000000000000e+02 7.810493486762658533e-01
1.180000000000000000e+02 7.810883069199240358e-01
1.190000000000000000e+02 7.811272553708999977e-01
1.200000000000000000e+02 7.811661942711505269e-01
1.210000000000000000e+02 7.812051238313624246e-01
1.220000000000000000e+02 7.812440442350523373e-01
1.230000000000000000e+02 7.812829556421607702e-01
1.240000000000000000e+02 7.813218581921311801e-01
1.250000000000000000e+02 7.813607520066252476e-01
1.260000000000000000e+02 7.813996371918702222e-01
1.270000000000000000e+02 7.814385138406649833e-01
1.280000000000000000e+02 7.814773820341796018e-01
1.290000000000000000e+02 7.815162418434514757e-01
1.300000000000000000e+02 7.815550933307515713e-01
1.310000000000000000e+02 7.815939365507124093e-01
1.320000000000000000e+02 7.816327715513522456e-01
1.330000000000000000e+02 7.816715983749319419e-01
1.340000000000000000e+02 7.817104170587199086e-01
1.350000000000000000e+02 7.817492276356429182e-01
1.360000000000000000e+02 7.817880301348668626e-01
1.370000000000000000e+02 7.818268245822832530e-01
1.380000000000000000e+02 7.818656110009359894e-01
1.390000000000000000e+02 7.819043894114079407e-01
1.400000000000000000e+02 7.819431598321366916e-01
1.410000000000000000e+02 7.819819222796987601e-01
1.420000000000000000e+02 7.820206767690500715e-01
1.430000000000000000e+02 7.820594233137442286e-01
1.440000000000000000e+02 7.820981619261090367e-01
1.450000000000000000e+02 7.821368926174222524e-01
1.460000000000000000e+02 7.821756153980312654e-01
1.470000000000000000e+02 7.822143302774884344e-01
1.480000000000000000e+02 7.822530372646437913e-01
1.490000000000000000e+02 7.822917363677498459e-01
1.500000000000000000e+02 7.823304275945286435e-01
1.510000000000000000e+02 7.823691109522442622e-01
1.520000000000000000e+02 7.824077864477712030e-01
1.530000000000000000e+02 7.824464540876268082e-01
1.540000000000000000e+02 7.824851138780387627e-01
1.550000000000000000e+02 7.825237658249672990e-01
1.560000000000000000e+02 7.825624099341422779e-01
1.570000000000000000e+02 7.826010462111023802e-01
1.580000000000000000e+02 7.826396746612110933e-01
1.590000000000000000e+02 7.826782952896748080e-01
1.600000000000000000e+02 7.827169081015750152e-01
1.610000000000000000e+02 7.827555131018837375e-01
1.620000000000000000e+02 7.827941102954570907e-01
1.630000000000000000e+02 7.828326996870826893e-01
1.640000000000000000e+02 7.828712812814564437e-01
1.650000000000000000e+02 7.829098550832138681e-01
1.660000000000000000e+02 7.829484210969331892e-01
1.670000000000000000e+02 7.829869793271325706e-01
1.680000000000000000e+02 7.830255297783035306e-01
1.690000000000000000e+02 7.830640724548764142e-01
1.700000000000000000e+02 7.831026073612559202e-01
1.710000000000000000e+02 7.831411345018164383e-01
1.720000000000000000e+02 7.831796538809061570e-01
1.730000000000000000e+02 7.832181655028404021e-01
1.740000000000000000e+02 7.832566693719267281e-01
1.750000000000000000e+02 7.832951654924409368e-01
1.760000000000000000e+02 7.833336538686404005e-01
1.770000000000000000e+02 7.833721345047781615e-01
1.780000000000000000e+02 7.834106074050805057e-01
1.790000000000000000e+02 7.834490725737750516e-01
1.800000000000000000e+02 7.834875300150627719e-01
1.810000000000000000e+02 7.835259797331459719e-01
1.820000000000000000e+02 7.835644217322107474e-01
1.830000000000000000e+02 7.836028560164275403e-01
1.840000000000000000e+02 7.836412825899780055e-01
1.850000000000000000e+02 7.836797014570142661e-01
1.860000000000000000e+02 7.837181126216966609e-01
1.870000000000000000e+02 7.837565160881690973e-01
1.880000000000000000e+02 7.837949118605760379e-01
1.890000000000000000e+02 7.838332999430500658e-01
1.900000000000000000e+02 7.838716803397136612e-01
1.910000000000000000e+02 7.839100530546996293e-01
1.920000000000000000e+02 7.839484180921167944e-01
1.930000000000000000e+02 7.839867754560887469e-01
1.940000000000000000e+02 7.840251251507079910e-01
1.950000000000000000e+02 7.840634671800826849e-01
1.960000000000000000e+02 7.841018015483103287e-01
1.970000000000000000e+02 7.841401282594843147e-01
1.980000000000000000e+02 7.841784473176893755e-01
1.990000000000000000e+02 7.842167587270049145e-01
2.000000000000000000e+02 7.842550624915147761e-01
2.010000000000000000e+02 7.842933586152904812e-01
2.020000000000000000e+02 7.843316471024008862e-01
2.030000000000000000e+02 7.843699279569056326e-01
2.040000000000000000e+02 7.844082011828743539e-01
2.050000000000000000e+02 7.844464667843568106e-01
2.060000000000000000e+02 7.844847247654070932e-01
2.070000000000000000e+02 7.845229751300695220e-01
2.080000000000000000e+02 7.845612178823917482e-01
2.090000000000000000e+02 7.845994530264104316e-01
2.100000000000000000e+02 7.846376805661610110e-01
2.110000000000000000e+02 7.846759005056723746e-01
2.120000000000000000e+02 7.847141128489740769e-01
2.130000000000000000e+02 7.847523176000824607e-01
2.140000000000000000e+02 7.847905147630216405e-01
2.150000000000000000e+02 7.848287043418032960e-01
2.160000000000000000e+02 7.848668863404376639e-01
2.170000000000000000e+02 7.849050607629310949e-01
2.180000000000000000e+02 7.849432276132825015e-01
2.190000000000000000e+02 7.849813868954942375e-01
2.200000000000000000e+02 7.850195386135553344e-01
2.210000000000000000e+02 7.850576827714607075e-01
2.220000000000000000e+02 7.850958193731883972e-01
2.230000000000000000e+02 7.851339484227231047e-01
2.240000000000000000e+02 7.851720699240444246e-01
2.250000000000000000e+02 7.852101838811254009e-01
2.260000000000000000e+02 7.852482902979315282e-01
2.270000000000000000e+02 7.852863891784312989e-01
2.280000000000000000e+02 7.853244805265823247e-01
2.290000000000000000e+02 7.853625643463462147e-01
2.300000000000000000e+02 7.854006406416720321e-01
2.310000000000000000e+02 7.854387094165117267e-01
2.320000000000000000e+02 7.854767706748095879e-01
2.330000000000000000e+02 7.855148244205023556e-01
2.340000000000000000e+02 7.855528706575337639e-01
2.350000000000000000e+02 7.855909093898354456e-01
2.360000000000000000e+02 7.856289406213371462e-01
2.370000000000000000e+02 7.856669643559552885e-01
2.380000000000000000e+02 7.857049805976210610e-01
2.390000000000000000e+02 7.857429893502445584e-01
2.400000000000000000e+02 7.857809906177468662e-01
2.410000000000000000e+02 7.858189844040274208e-01
2.420000000000000000e+02 7.858569707129997584e-01
2.430000000000000000e+02 7.858949495485566539e-01
2.440000000000000000e+02 7.859329209146032058e-01
2.450000000000000000e+02 7.859708848150271931e-01
2.460000000000000000e+02 7.860088412537216129e-01
2.470000000000000000e+02 7.860467902345730229e-01
2.480000000000000000e+02 7.860847317614517715e-01
2.490000000000000000e+02 7.861226658382468591e-01
2.500000000000000000e+02 7.861605924688291891e-01
2.510000000000000000e+02 7.861985116570661125e-01
2.520000000000000000e+02 7.862364234068219826e-01
2.530000000000000000e+02 7.862743277219591542e-01
2.540000000000000000e+02 7.863122246063390941e-01
2.550000000000000000e+02 7.863501140638078368e-01
2.560000000000000000e+02 7.863879960982280704e-01
2.570000000000000000e+02 7.864258707134331727e-01
2.580000000000000000e+02 7.864637379132711770e-01
2.590000000000000000e+02 7.865015977015749060e-01
2.600000000000000000e+02 7.865394500821855095e-01
2.610000000000000000e+02 7.865772950589291490e-01
2.620000000000000000e+02 7.866151326356318751e-01
2.630000000000000000e+02 7.866529628161154086e-01
2.640000000000000000e+02 7.866907856041998048e-01
2.650000000000000000e+02 7.867286010036977917e-01
2.660000000000000000e+02 7.867664090184247616e-01
2.670000000000000000e+02 7.868042096521856710e-01
2.680000000000000000e+02 7.868420029087794809e-01
2.690000000000000000e+02 7.868797887920102596e-01
2.700000000000000000e+02 7.869175673056658660e-01
2.710000000000000000e+02 7.869553384535474816e-01
2.720000000000000000e+02 7.869931022394348608e-01
2.730000000000000000e+02 7.870308586671157514e-01
2.740000000000000000e+02 7.870686077403671321e-01
2.750000000000000000e+02 7.871063494629660928e-01
2.760000000000000000e+02 7.871440838386887240e-01
2.770000000000000000e+02 7.871818108712959061e-01
2.780000000000000000e+02 7.872195305645538488e-01
2.790000000000000000e+02 7.872572429222267631e-01
2.800000000000000000e+02 7.872949479480676471e-01
2.810000000000000000e+02 7.873326456458306088e-01
2.820000000000000000e+02 7.873703360192643164e-01
2.830000000000000000e+02 7.874080190721139960e-01
2.840000000000000000e+02 7.874456948081216545e-01
2.850000000000000000e+02 7.874833632310241915e-01
2.860000000000000000e+02 7.875210243445515124e-01
2.870000000000000000e+02 7.875586781524409608e-01
2.880000000000000000e+02 7.875963246584116728e-01
2.890000000000000000e+02 7.876339638661932208e-01
2.900000000000000000e+02 7.876715957794967471e-01
2.910000000000000000e+02 7.877092204020385013e-01
2.920000000000000000e+02 7.877468377375340669e-01
2.930000000000000000e+02 7.877844477896852604e-01
2.940000000000000000e+02 7.878220505621961189e-01
2.950000000000000000e+02 7.878596460587701245e-01
2.960000000000000000e+02 7.878972342830966591e-01
2.970000000000000000e+02 7.879348152388714333e-01
2.980000000000000000e+02 7.879723889297848283e-01
2.990000000000000000e+02 7.880099553595157902e-01
3.000000000000000000e+02 7.880475145317509256e-01
3.010000000000000000e+02 7.880850664501601877e-01
3.020000000000000000e+02 7.881226111184224115e-01
3.030000000000000000e+02 7.881601485402053298e-01
3.040000000000000000e+02 7.881976787191703471e-01
3.050000000000000000e+02 7.882352016589868615e-01
3.060000000000000000e+02 7.882727173633099493e-01
3.070000000000000000e+02 7.883102258357912451e-01
3.080000000000000000e+02 7.883477270800830494e-01
3.090000000000000000e+02 7.883852210998349985e-01
3.100000000000000000e+02 7.884227078986869586e-01
3.110000000000000000e+02 7.884601874802790178e-01
3.120000000000000000e+02 7.884976598482507093e-01
3.130000000000000000e+02 7.885351250062271333e-01
3.140000000000000000e+02 7.885725829578418278e-01
3.150000000000000000e+02 7.886100337067161181e-01
3.160000000000000000e+02 7.886474772564756597e-01
3.170000000000000000e+02 7.886849136107327851e-01
3.180000000000000000e+02 7.887223427731030467e-01
3.190000000000000000e+02 7.887597647471976670e-01
3.200000000000000000e+02 7.887971795366224281e-01
3.210000000000000000e+02 7.888345871449763402e-01
3.220000000000000000e+02 7.888719875758622990e-01
3.230000000000000000e+02 7.889093808328737634e-01
3.240000000000000000e+02 7.889467669196041921e-01
3.250000000000000000e+02 7.889841458396369411e-01
3.260000000000000000e+02 7.890215175965621386e-01
3.270000000000000000e+02 7.890588821939518160e-01
3.280000000000000000e+02 7.890962396353928821e-01
3.290000000000000000e+02 7.891335899244497076e-01
3.300000000000000000e+02 7.891709330646999865e-01
3.310000000000000000e+02 7.892082690597078676e-01
3.320000000000000000e+02 7.892455979130266197e-01
3.330000000000000000e+02 7.892829196282237225e-01
3.340000000000000000e+02 7.893202342088533330e-01
3.350000000000000000e+02 7.893575416584671656e-01
3.360000000000000000e+02 7.893948419806070538e-01
3.370000000000000000e+02 7.894321351788240460e-01
3.380000000000000000e+02 7.894694212566575331e-01
3.390000000000000000e+02 7.895067002176439086e-01
3.400000000000000000e+02 7.895439720653105731e-01
3.410000000000000000e+02 7.895812368031942530e-01
3.420000000000000000e+02 7.896184944348190182e-01
3.430000000000000000e+02 7.896557449637099380e-01
3.440000000000000000e+02 7.896929883933799799e-01
3.450000000000000000e+02 7.897302247273508824e-01
3.460000000000000000e+02 7.897674539691305062e-01
3.470000000000000000e+02 7.898046761222292655e-01
3.480000000000000000e+02 7.898418911901499140e-01
3.490000000000000000e+02 7.898790991763926517e-01
3.500000000000000000e+02 7.899163000844611204e-01
3.510000000000000000e+02 7.899534939178397552e-01
3.520000000000000000e+02 7.899906806800298664e-01
3.530000000000000000e+02 7.900278603745074513e-01
3.540000000000000000e+02 7.900650330047621628e-01
3.550000000000000000e+02 7.901021985742707754e-01
3.560000000000000000e+02 7.901393570865140603e-01
3.570000000000000000e+02 7.901765085449623527e-01
3.580000000000000000e+02 7.902136529530818798e-01
3.590000000000000000e+02 7.902507903143389800e-01
3.600000000000000000e+02 7.902879206322009908e-01
3.610000000000000000e+02 7.903250439101200397e-01
3.620000000000000000e+02 7.903621601515558037e-01
3.630000000000000000e+02 7.903992693599585229e-01
3.640000000000000000e+02 7.904363715387765499e-01
3.650000000000000000e+02 7.904734666914490226e-01
3.660000000000000000e+02 7.905105548214235167e-01
3.670000000000000000e+02 7.905476359321386148e-01
3.680000000000000000e+02 7.905847100270207983e-01
3.690000000000000000e+02 7.906217771095079838e-01
3.700000000000000000e+02 7.906588371830245432e-01
3.710000000000000000e+02 7.906958902509935161e-01
3.720000000000000000e+02 7.907329363168340564e-01
3.730000000000000000e+02 7.907699753839669832e-01
3.740000000000000000e+02 7.908070074558007923e-01
3.750000000000000000e+02 7.908440325357465328e-01
3.760000000000000000e+02 7.908810506272122565e-01
3.770000000000000000e+02 7.909180617336023511e-01
3.780000000000000000e+02 7.909550658583099914e-01
3.790000000000000000e+02 7.909920630047354573e-01
3.800000000000000000e+02 7.910290531762731447e-01
3.810000000000000000e+02 7.910660363763081238e-01
3.820000000000000000e+02 7.911030126082232439e-01
3.830000000000000000e+02 7.911399818754110136e-01
3.840000000000000000e+02 7.911769441812408488e-01
3.850000000000000000e+02 7.912138995290924903e-01
3.860000000000000000e+02 7.912508479223364644e-01
3.870000000000000000e+02 7.912877893643414096e-01
3.880000000000000000e+02 7.913247238584745213e-01
3.890000000000000000e+02 7.913616514080928921e-01
3.900000000000000000e+02 7.913985720165604976e-01
3.910000000000000000e+02 7.914354856872263255e-01
3.920000000000000000e+02 7.914723924234486896e-01
3.930000000000000000e+02 7.915092922285691390e-01
3.940000000000000000e+02 7.915461851059361065e-01
3.950000000000000000e+02 7.915830710588903640e-01
3.960000000000000000e+02 7.916199500907706854e-01
3.970000000000000000e+02 7.916568222049119585e-01
3.980000000000000000e+02 7.916936874046408557e-01
3.990000000000000000e+02 7.917305456932898222e-01
4.000000000000000000e+02 7.917673970741846423e-01
4.010000000000000000e+02 7.918042415506434395e-01
4.020000000000000000e+02 7.918410791259886672e-01
4.030000000000000000e+02 7.918779098035266806e-01
4.040000000000000000e+02 7.919147335865757142e-01
4.050000000000000000e+02 7.919515504784410131e-01
4.060000000000000000e+02 7.919883604824280443e-01
4.070000000000000000e+02 7.920251636018371677e-01
4.080000000000000000e+02 7.920619598399663008e-01
4.090000000000000000e+02 7.920987492001092534e-01
4.100000000000000000e+02 7.921355316855597239e-01
4.110000000000000000e+02 7.921723072996066373e-01
4.120000000000000000e+02 7.922090760455298142e-01
4.130000000000000000e+02 7.922458379266154038e-01
4.140000000000000000e+02 7.922825929461349004e-01
4.150000000000000000e+02 7.923193411073718995e-01
4.160000000000000000e+02 7.923560824135912339e-01
4.170000000000000000e+02 7.923928168680648421e-01
4.180000000000000000e+02 7.924295444740548922e-01
4.190000000000000000e+02 7.924662652348232195e-01
4.200000000000000000e+02 7.925029791536315482e-01
4.210000000000000000e+02 7.925396862337330539e-01
4.220000000000000000e+02 7.925763864783752499e-01
4.230000000000000000e+02 7.926130798908141983e-01
4.240000000000000000e+02 7.926497664742945259e-01
4.250000000000000000e+02 7.926864462320525329e-01
4.260000000000000000e+02 7.927231191673286270e-01
4.270000000000000000e+02 7.927597852833646597e-01
4.280000000000000000e+02 7.927964445833831642e-01
4.290000000000000000e+02 7.928330970706221059e-01
4.300000000000000000e+02 7.928697427483011317e-01
4.310000000000000000e+02 7.929063816196469938e-01
4.320000000000000000e+02 7.929430136878805602e-01
4.330000000000000000e+02 7.929796389562121517e-01
4.340000000000000000e+02 7.930162574278570853e-01
4.350000000000000000e+02 7.930528691060296786e-01
4.360000000000000000e+02 7.930894739939328142e-01
4.370000000000000000e+02 7.931260720947662657e-01
4.380000000000000000e+02 7.931626634117397989e-01
4.390000000000000000e+02 7.931992479480437508e-01
4.400000000000000000e+02 7.932358257068677920e-01
4.410000000000000000e+02 7.932723966914134728e-01
4.420000000000000000e+02 7.933089609048658009e-01
4.430000000000000000e+02 7.933455183503996810e-01
4.440000000000000000e+02 7.933820690312090029e-01
4.450000000000000000e+02 7.934186129504620100e-01
4.460000000000000000e+02 7.934551501113398242e-01
4.470000000000000000e+02 7.934916805170130205e-01
4.480000000000000000e+02 7.935282041706429590e-01
4.490000000000000000e+02 7.935647210754098735e-01
4.500000000000000000e+02 7.936012312344616904e-01
4.510000000000000000e+02 7.936377346509649877e-01
4.520000000000000000e+02 7.936742313280725769e-01
4.530000000000000000e+02 7.937107212689419322e-01
4.540000000000000000e+02 7.937472044767172052e-01
4.550000000000000000e+02 7.937836809545492089e-01
4.560000000000000000e+02 7.938201507055807626e-01
4.570000000000000000e+02 7.938566137329511330e-01
4.580000000000000000e+02 7.938930700397965889e-01
4.590000000000000000e+02 7.939295196292542878e-01
4.600000000000000000e+02 7.939659625044600544e-01
4.610000000000000000e+02 7.940023986685291746e-01
4.620000000000000000e+02 7.940388281245935875e-01
4.630000000000000000e+02 7.940752508757772388e-01
4.640000000000000000e+02 7.941116669251951921e-01
4.650000000000000000e+02 7.941480762759663969e-01
4.660000000000000000e+02 7.941844789312042519e-01
4.670000000000000000e+02 7.942208748940130514e-01
4.680000000000000000e+02 7.942572641675017531e-01
4.690000000000000000e+02 7.942936467547749846e-01
4.700000000000000000e+02 7.943300226589369295e-01
4.710000000000000000e+02 7.943663918830754511e-01
4.720000000000000000e+02 7.944027544302924015e-01
4.730000000000000000e+02 7.944391103036798629e-01
4.740000000000000000e+02 7.944754595063215907e-01
4.750000000000000000e+02 7.945118020413026727e-01
4.760000000000000000e+02 7.945481379117103060e-01
4.770000000000000000e+02 7.945844671206176990e-01
4.780000000000000000e+02 7.946207896711066088e-01
4.790000000000000000e+02 7.946571055662461358e-01
4.800000000000000000e+02 7.946934148091083783e-01
4.810000000000000000e+02 7.947297174027624367e-01
4.820000000000000000e+02 7.947660133502667534e-01
4.830000000000000000e+02 7.948023026546873204e-01
4.840000000000000000e+02 7.948385853190799155e-01
4.850000000000000000e+02 7.948748613465042023e-01
4.860000000000000000e+02 7.949111307400056337e-01
4.870000000000000000e+02 7.949473935026357685e-01
4.880000000000000000e+02 7.949836496374451666e-01
4.890000000000000000e+02 7.950198991474726196e-01
4.900000000000000000e+02 7.950561420357591391e-01
4.910000000000000000e+02 7.950923783053445160e-01
4.920000000000000000e+02 7.951286079592608802e-01
4.930000000000000000e+02 7.951648310005414722e-01
4.940000000000000000e+02 7.952010474322097622e-01
4.950000000000000000e+02 7.952372572572983245e-01
4.960000000000000000e+02 7.952734604788267436e-01
4.970000000000000000e+02 7.953096570998133830e-01
4.980000000000000000e+02 7.953458471232768279e-01
4.990000000000000000e+02 7.953820305522304457e-01
5.000000000000000000e+02 7.954182073896860494e-01
5.010000000000000000e+02 7.954543776386503451e-01
5.020000000000000000e+02 7.954905413021298166e-01
5.030000000000000000e+02 7.955266983831227323e-01
5.040000000000000000e+02 7.955628488846346880e-01
5.050000000000000000e+02 7.955989928096588448e-01
5.060000000000000000e+02 7.956351301611886973e-01
5.070000000000000000e+02 7.956712609422150750e-01
5.080000000000000000e+02 7.957073851557255884e-01
5.090000000000000000e+02 7.957435028047054049e-01
5.100000000000000000e+02 7.957796138921349183e-01
5.110000000000000000e+02 7.958157184209969648e-01
5.120000000000000000e+02 7.958518163942668311e-01
5.130000000000000000e+02 7.958879078149145858e-01
5.140000000000000000e+02 7.959239926859106307e-01
5.150000000000000000e+02 7.959600710102278098e-01
5.160000000000000000e+02 7.959961427908268661e-01
5.170000000000000000e+02 7.960322080306716508e-01
5.180000000000000000e+02 7.960682667327230178e-01
5.190000000000000000e+02 7.961043188999306075e-01
5.200000000000000000e+02 7.961403645352562730e-01
5.210000000000000000e+02 7.961764036416416612e-01
5.220000000000000000e+02 7.962124362220455165e-01
5.230000000000000000e+02 7.962484622794049338e-01
5.240000000000000000e+02 7.962844818166633365e-01
5.250000000000000000e+02 7.963204948367600400e-01
5.260000000000000000e+02 7.963565013426359140e-01
5.270000000000000000e+02 7.963925013372202821e-01
5.280000000000000000e+02 7.964284948234414685e-01
5.290000000000000000e+02 7.964644818042363461e-01
5.300000000000000000e+02 7.965004622825252456e-01
5.310000000000000000e+02 7.965364362612282756e-01
5.320000000000000000e+02 7.965724037432718729e-01
5.330000000000000000e+02 7.966083647315675975e-01
5.340000000000000000e+02 7.966443192290306730e-01
5.350000000000000000e+02 7.966802672385742135e-01
5.360000000000000000e+02 7.967162087631091127e-01
5.370000000000000000e+02 7.967521438055368277e-01
5.380000000000000000e+02 7.967880723687638111e-01
5.390000000000000000e+02 7.968239944556836374e-01
5.400000000000000000e+02 7.968599100692057569e-01
5.410000000000000000e+02 7.968958192122165274e-01
5.420000000000000000e+02 7.969317218876093012e-01
5.430000000000000000e+02 7.969676180982802061e-01
5.440000000000000000e+02 7.970035078471102707e-01
5.450000000000000000e+02 7.970393911369846318e-01
5.460000000000000000e+02 7.970752679707838739e-01
5.470000000000000000e+02 7.971111383513876936e-01
5.480000000000000000e+02 7.971470022816730117e-01
5.490000000000000000e+02 7.971828597645123082e-01
5.500000000000000000e+02 7.972187108027756208e-01
5.510000000000000000e+02 7.972545553993308776e-01
5.520000000000000000e+02 7.972903935570458955e-01
5.530000000000000000e+02 7.973262252787783888e-01
5.540000000000000000e+02 7.973620505673919556e-01
5.550000000000000000e+02 7.973978694257468636e-01
5.560000000000000000e+02 7.974336818566868379e-01
5.570000000000000000e+02 7.974694878630760320e-01
5.580000000000000000e+02 7.975052874477562836e-01
5.590000000000000000e+02 7.975410806135756481e-01
5.600000000000000000e+02 7.975768673633777395e-01
5.610000000000000000e+02 7.976126477000060611e-01
5.620000000000000000e+02 7.976484216262982319e-01
5.630000000000000000e+02 7.976841891450872080e-01
5.640000000000000000e+02 7.977199502592090541e-01
5.650000000000000000e+02 7.977557049714935067e-01
5.660000000000000000e+02 7.977914532847725226e-01
5.670000000000000000e+02 7.978271952018646251e-01
5.680000000000000000e+02 7.978629307255968861e-01
5.690000000000000000e+02 7.978986598587882728e-01
5.700000000000000000e+02 7.979343826042580856e-01
5.710000000000000000e+02 7.979700989648191856e-01
5.720000000000000000e+02 7.980058089432838786e-01
5.730000000000000000e+02 7.980415125424645817e-01
5.740000000000000000e+02 7.980772097651652741e-01
5.750000000000000000e+02 7.981129006141916005e-01
5.760000000000000000e+02 7.981485850923487613e-01
5.770000000000000000e+02 7.981842632024298556e-01
5.780000000000000000e+02 7.982199349472363092e-01
5.790000000000000000e+02 7.982556003295609992e-01
5.800000000000000000e+02 7.982912593521982458e-01
5.810000000000000000e+02 7.983269120179318223e-01
5.820000000000000000e+02 7.983625583295526074e-01
5.830000000000000000e+02 7.983981982898451513e-01
5.840000000000000000e+02 7.984338319015855667e-01
5.850000000000000000e+02 7.984694591675581821e-01
5.860000000000000000e+02 7.985050800905385548e-01
5.870000000000000000e+02 7.985406946732992450e-01
5.880000000000000000e+02 7.985763029186103701e-01
5.890000000000000000e+02 7.986119048292452671e-01
5.900000000000000000e+02 7.986475004079657269e-01
5.910000000000000000e+02 7.986830896575353167e-01
5.920000000000000000e+02 7.987186725807204901e-01
5.930000000000000000e+02 7.987542491802741562e-01
5.940000000000000000e+02 7.987898194589562184e-01
5.950000000000000000e+02 7.988253834195183645e-01
5.960000000000000000e+02 7.988609410647136144e-01
5.970000000000000000e+02 7.988964923972882159e-01
5.980000000000000000e+02 7.989320374199890828e-01
5.990000000000000000e+02 7.989675761355606864e-01
6.000000000000000000e+02 7.990031085467453886e-01
6.010000000000000000e+02 7.990386346562790010e-01
6.020000000000000000e+02 7.990741544669033303e-01
6.030000000000000000e+02 7.991096679813477488e-01
6.040000000000000000e+02 7.991451752023444044e-01
6.050000000000000000e+02 7.991806761326184505e-01
6.060000000000000000e+02 7.992161707749051436e-01
6.070000000000000000e+02 7.992516591319228647e-01
6.080000000000000000e+02 7.992871412063939918e-01
6.090000000000000000e+02 7.993226170010392373e-01
6.100000000000000000e+02 7.993580865185712092e-01
6.110000000000000000e+02 7.993935497617136177e-01
6.120000000000000000e+02 7.994290067331624172e-01
6.130000000000000000e+02 7.994644574356412070e-01
6.140000000000000000e+02 7.994999018718503825e-01
6.150000000000000000e+02 7.995353400444966674e-01
6.160000000000000000e+02 7.995707719562838989e-01
6.170000000000000000e+02 7.996061976099081425e-01
6.180000000000000000e+02 7.996416170080686836e-01
6.190000000000000000e+02 7.996770301534614767e-01
6.200000000000000000e+02 7.997124370487751488e-01
6.210000000000000000e+02 7.997478376967047664e-01
6.220000000000000000e+02 7.997832320999365141e-01
6.230000000000000000e+02 7.998186202611529128e-01
6.240000000000000000e+02 7.998540021830390367e-01
6.250000000000000000e+02 7.998893778682777400e-01
6.260000000000000000e+02 7.999247473195484348e-01
6.270000000000000000e+02 7.999601105395198752e-01
6.280000000000000000e+02 7.999954675308713625e-01
6.290000000000000000e+02 8.000308182962737602e-01
6.300000000000000000e+02 8.000661628383960444e-01
6.310000000000000000e+02 8.001015011599004190e-01
6.320000000000000000e+02 8.001368332634579694e-01
6.330000000000000000e+02 8.001721591517241272e-01
6.340000000000000000e+02 8.002074788273612072e-01
6.350000000000000000e+02 8.002427922930307469e-01
6.360000000000000000e+02 8.002780995513802953e-01
6.370000000000000000e+02 8.003134006050658389e-01
6.380000000000000000e+02 8.003486954567377021e-01
6.390000000000000000e+02 8.003839841090416574e-01
6.400000000000000000e+02 8.004192665646273630e-01
6.410000000000000000e+02 8.004545428261357065e-01
6.420000000000000000e+02 8.004898128962059101e-01
6.430000000000000000e+02 8.005250767774801934e-01
6.440000000000000000e+02 8.005603344725932269e-01
6.450000000000000000e+02 8.005955859841826783e-01
6.460000000000000000e+02 8.006308313148731148e-01
6.470000000000000000e+02 8.006660704672963202e-01
6.480000000000000000e+02 8.007013034440838561e-01
6.490000000000000000e+02 8.007365302478611779e-01
6.500000000000000000e+02 8.007717508812426388e-01
6.510000000000000000e+02 8.008069653468584681e-01
6.520000000000000000e+02 8.008421736473192443e-01
6.530000000000000000e+02 8.008773757852460928e-01
6.540000000000000000e+02 8.009125717632523678e-01
6.550000000000000000e+02 8.009477615839468712e-01
6.560000000000000000e+02 8.009829452499420688e-01
6.570000000000000000e+02 8.010181227638415447e-01
6.580000000000000000e+02 8.010532941282509922e-01
6.590000000000000000e+02 8.010884593457752167e-01
6.600000000000000000e+02 8.011236184190125842e-01
6.610000000000000000e+02 8.011587713505623487e-01
6.620000000000000000e+02 8.011939181430192125e-01
6.630000000000000000e+02 8.012290587989772117e-01
6.640000000000000000e+02 8.012641933210268297e-01
6.650000000000000000e+02 8.012993217117621025e-01
6.660000000000000000e+02 8.013344439737637437e-01
6.670000000000000000e+02 8.013695601096225696e-01
6.680000000000000000e+02 8.014046701219139646e-01
6.690000000000000000e+02 8.014397740132261916e-01
6.700000000000000000e+02 8.014748717861320815e-01
6.710000000000000000e+02 8.015099634432102382e-01
6.720000000000000000e+02 8.015450489870326045e-01
6.730000000000000000e+02 8.015801284201774513e-01
6.740000000000000000e+02 8.016152017452040646e-01
6.750000000000000000e+02 8.016502689646877178e-01
6.760000000000000000e+02 8.016853300811904726e-01
6.770000000000000000e+02 8.017203850972783874e-01
6.780000000000000000e+02 8.017554340155045312e-01
6.790000000000000000e+02 8.017904768384450653e-01
6.800000000000000000e+02 8.018255135686344071e-01
6.810000000000000000e+02 8.018605442086431667e-01
6.820000000000000000e+02 8.018955687610189731e-01
6.830000000000000000e+02 8.019305872283121195e-01
6.840000000000000000e+02 8.019655996130693465e-01
6.850000000000000000e+02 8.020006059178378388e-01
6.860000000000000000e+02 8.020356061451645591e-01
6.870000000000000000e+02 8.020706002975841464e-01
6.880000000000000000e+02 8.021055883776450068e-01
6.890000000000000000e+02 8.021405703878767834e-01
6.900000000000000000e+02 8.021755463308207768e-01
6.910000000000000000e+02 8.022105162090062969e-01
6.920000000000000000e+02 8.022454800249690932e-01
6.930000000000000000e+02 8.022804377812375876e-01
6.940000000000000000e+02 8.023153894803375374e-01
6.950000000000000000e+02 8.023503351247908144e-01
6.960000000000000000e+02 8.023852747171252853e-01
6.970000000000000000e+02 8.024202082598584918e-01
6.980000000000000000e+02 8.024551357555159692e-01
6.990000000000000000e+02 8.024900572066074877e-01
7.000000000000000000e+02 8.025249726156491459e-01
7.010000000000000000e+02 8.025598819851545995e-01
7.020000000000000000e+02 8.025947853176345070e-01
7.030000000000000000e+02 8.026296826155976394e-01
7.040000000000000000e+02 8.026645738815526565e-01
7.050000000000000000e+02 8.026994591179990035e-01
7.060000000000000000e+02 8.027343383274424538e-01
7.070000000000000000e+02 8.027692115123825634e-01
7.080000000000000000e+02 8.028040786753203317e-01
7.090000000000000000e+02 8.028389398187468773e-01
7.100000000000000000e+02 8.028737949451646427e-01
7.110000000000000000e+02 8.029086440570589733e-01
7.120000000000000000e+02 8.029434871569195442e-01
7.130000000000000000e+02 8.029783242472424698e-01
7.140000000000000000e+02 8.030131553305051018e-01
7.150000000000000000e+02 8.030479804091933405e-01
7.160000000000000000e+02 8.030827994858000807e-01
7.170000000000000000e+02 8.031176125627922380e-01
7.180000000000000000e+02 8.031524196426523821e-01
7.190000000000000000e+02 8.031872207278618614e-01
7.200000000000000000e+02 8.032220158208887018e-01
7.210000000000000000e+02 8.032568049242106989e-01
7.220000000000000000e+02 8.032915880402917708e-01
7.230000000000000000e+02 8.033263651716086029e-01
7.240000000000000000e+02 8.033611363206218936e-01
7.250000000000000000e+02 8.033959014897973372e-01
7.260000000000000000e+02 8.034306606815930785e-01
7.270000000000000000e+02 8.034654138984844707e-01
7.280000000000000000e+02 8.035001611429148927e-01
7.290000000000000000e+02 8.035349024173449317e-01
7.300000000000000000e+02 8.035696377242345090e-01
7.310000000000000000e+02 8.036043670660321103e-01
7.320000000000000000e+02 8.036390904451855555e-01
7.330000000000000000e+02 8.036738078641552097e-01
7.340000000000000000e+02 8.037085193253801219e-01
7.350000000000000000e+02 8.037432248313008953e-01
7.360000000000000000e+02 8.037779243843687915e-01
7.370000000000000000e+02 8.038126179870234145e-01
7.380000000000000000e+02 8.038473056417021478e-01
7.390000000000000000e+02 8.038819873508469271e-01
7.400000000000000000e+02 8.039166631168861432e-01
7.410000000000000000e+02 8.039513329422585119e-01
7.420000000000000000e+02 8.039859968293974202e-01
7.430000000000000000e+02 8.040206547807277060e-01
7.440000000000000000e+02 8.040553067986839775e-01
7.450000000000000000e+02 8.040899528856845224e-01
7.460000000000000000e+02 8.041245930441597300e-01
7.470000000000000000e+02 8.041592272765293314e-01
7.480000000000000000e+02 8.041938555852156112e-01
7.490000000000000000e+02 8.042284779726359689e-01
7.500000000000000000e+02 8.042630944412066940e-01
7.510000000000000000e+02 8.042977049933431877e-01
7.520000000000000000e+02 8.043323096314590748e-01
7.530000000000000000e+02 8.043669083579700896e-01
7.540000000000000000e+02 8.044015011752759792e-01
7.550000000000000000e+02 8.044360880857898133e-01
7.560000000000000000e+02 8.044706690919182224e-01
7.570000000000000000e+02 8.045052441960670597e-01
7.580000000000000000e+02 8.045398134006300772e-01
7.590000000000000000e+02 8.045743767080106856e-01
7.600000000000000000e+02 8.046089341206144052e-01
7.610000000000000000e+02 8.046434856408309910e-01
7.620000000000000000e+02 8.046780312710578587e-01
7.630000000000000000e+02 8.047125710136862065e-01
7.640000000000000000e+02 8.047471048711050123e-01
7.650000000000000000e+02 8.047816328457108037e-01
7.660000000000000000e+02 8.048161549398846759e-01
7.670000000000000000e+02 8.048506711560160509e-01
7.680000000000000000e+02 8.048851814964859130e-01
7.690000000000000000e+02 8.049196859636779111e-01
7.700000000000000000e+02 8.049541845599711420e-01
7.710000000000000000e+02 8.049886772877501429e-01
7.720000000000000000e+02 8.050231641493826862e-01
7.730000000000000000e+02 8.050576451472494233e-01
7.740000000000000000e+02 8.050921202837214574e-01
7.750000000000000000e+02 8.051265895611720014e-01
7.760000000000000000e+02 8.051610529819687168e-01
7.770000000000000000e+02 8.051955105484839281e-01
7.780000000000000000e+02 8.052299622630785247e-01
7.790000000000000000e+02 8.052644081281167265e-01
7.800000000000000000e+02 8.052988481459664172e-01
7.810000000000000000e+02 8.053332823189869316e-01
7.820000000000000000e+02 8.053677106495339411e-01
7.830000000000000000e+02 8.054021331399684458e-01
7.840000000000000000e+02 8.054365497926398998e-01
7.850000000000000000e+02 8.054709606099107466e-01
7.860000000000000000e+02 8.055053655941321056e-01
7.870000000000000000e+02 8.055397647476488787e-01
7.880000000000000000e+02 8.055741580728147389e-01
7.890000000000000000e+02 8.056085455719731447e-01
7.900000000000000000e+02 8.056429272474752157e-01
7.910000000000000000e+02 8.056773031016597475e-01
7.920000000000000000e+02 8.057116731368659801e-01
7.930000000000000000e+02 8.057460373554432564e-01
7.940000000000000000e+02 8.057803957597208244e-01
7.950000000000000000e+02 8.058147483520414767e-01
7.960000000000000000e+02 8.058490951347380138e-01
7.970000000000000000e+02 8.058834361101460120e-01
7.980000000000000000e+02 8.059177712805937199e-01
7.990000000000000000e+02 8.059521006484147154e-01
8.000000000000000000e+02 8.059864242159376913e-01
