# x psi2_state_0 psi2_state_1 psi2_state_2 psi2_state_3 psi2_state_4 psi2_state_5 psi2_state_6 psi2_state_7 psi2_state_8 psi2_state_9 psi2_state_10 psi2_state_11 psi2_state_12 psi2_state_13 psi2_state_14 psi2_state_15 psi2_state_16
-5.671646820000000172e-02 0.000000000000000000e+00 0.000000000000000000e+00 0.000000000000000000e+00 0.000000000000000000e+00 0.000000000000000000e+00 0.000000000000000000e+00 0.000000000000000000e+00 0.000000000000000000e+00 0.000000000000000000e+00 0.000000000000000000e+00 0.000000000000000000e+00 0.000000000000000000e+00 0.000000000000000000e+00 0.000000000000000000e+00 0.000000000000000000e+00 0.000000000000000000e+00 0.000000000000000000e+00
-5.614930349999999737e-02 0.000000000000000000e+00 2.474536634085289503e-32 9.773231334242468065e-33 1.188960480934890056e-32 4.334446062671702878e-32 8.201383087339363961e-33 1.327339232424982788e-33 6.083862874182107071e-34 1.528909551115358325e-32 4.538705866064511144e-32 2.096568779627473501e-33 1.406760599439179588e-34 7.493633329610712823e-34 3.531778861779080627e-33 1.507684959829022858e-33 1.774838096810293904e-34 1.108761447407570164e-32
-5.558213879999999996e-02 9.426015095985657180e-33 1.432766377294109582e-31 1.326015193252759896e-31 2.254076910158451675e-31 3.293195439517460642e-32 4.014377282267490503e-32 6.419917794084363703e-33 4.226310471302315710e-32 1.717791182959257215e-31 1.491339593725306417e-31 1.551434875754807295e-32 1.181792027850046043e-34 2.074118924195471972e-32 1.515453838026380981e-33 1.308126543351179229e-32 1.243896192154307057e-32 3.251982705022274589e-33
-5.501497419999999694e-02 3.882785531912296213e-35 2.420164426717930340e-32 1.234418654253503833e-31 3.521404661115288180e-33 1.323031021206850947e-32 6.612638774144341607e-33 3.396657897892898323e-31 3.190494792423838498e-32 9.339269287558710370e-32 2.253085251085570912e-32 2.148709360312070182e-32 1.148662509517856766e-31 5.090846044480471689e-32 8.883707647299109536e-32 2.859145078677232128e-32 2.215910764430764823e-33 2.101721199603446987e-32
-5.444780949999999953e-02 8.994953495687655805e-31 6.132738822898785728e-32 1.630095652412836669e-32 1.454464938695732749e-33 4.745250028072348916e-36 2.377513141754882252e-33 5.074014541325093967e-32 2.816643312454108122e-33 3.833224353365678697e-33 5.933417409972151721e-33 1.480553166255938061e-32 1.540607324352385204e-32 1.131903221667751318e-33 7.731234009213866933e-34 2.443652093072087603e-32 1.365782532694829253e-32 1.082500736605279353e-33
-5.388064480000000211e-02 8.420782762035123475e-33 4.952609052354558553e-37 9.401060366249672077e-32 1.719026640054105686e-31 2.235428106305225518e-32 1.176829845691180905e-31 4.439726904187493504e-34 3.051621833356508947e-32 2.139350011873155718e-31 2.524909685973878288e-31 6.221787869680215238e-34 6.611893279858615183e-33 5.783710715056610425e-35 4.735510697256923901e-33 1.275608110095807682e-32 1.048415154379570362e-34 8.667239944140852857e-34
-5.331348009999999776e-02 2.194393662009671450e-32 1.794430114364107222e-31 3.818080383595190499e-32 1.441280811356301733e-32 2.463878981578834136e-31 1.237723844422060465e-31 6.425110415822780371e-32 5.613621021280690103e-32 5.090247661706063107e-34 7.583252013857325415e-33 6.312807070910107861e-33 1.962401356488448781e-31 5.689389752704436778e-32 1.775542933162170425e-32 6.309563084022143427e-33 5.148331059615170194e-32 1.155015681172038085e-32
-5.274631540000000035e-02 2.685497337850551051e-36 2.903280868260958840e-32 2.011314074246604531e-31 2.304094744425471708e-32 2.240752643124953894e-33 1.802380584018672163e-32 7.781428426835421072e-32 8.334653208385043862e-32 9.184254950954644217e-32 8.728250503181054759e-32 2.551255126902796095e-33 4.670170485357232589e-33 2.859056132944030348e-34 4.716255300664252187e-32 5.955747648793455797e-33 3.024582695299481187e-32 1.046351996524057996e-34
-5.217915070000000294e-02 7.154824251019894873e-34 7.269129699673940064e-33 1.363262113317612444e-33 1.757991679885559665e-33 7.941171305491837257e-32 1.597176534606120611e-32 1.072519284100975823e-31 3.364269508822900485e-32 1.539907697323412611e-32 5.417509924766219442e-32 1.379916018098100675e-32 1.869067688694168768e-32 1.411527661142929105e-32 1.066925010758365097e-32 5.180906908267398359e-34 1.189909802974810745e-33 1.008094973997891534e-31
-5.161198609999999992e-02 5.141234713324841579e-35 2.844587908907843365e-32 3.944960176877256666e-33 9.376784540098027021e-33 1.033067426543054644e-31 4.265645806553573196e-32 3.706310080106889527e-33 1.045858000103909385e-32 4.740493575611776837e-35 5.837425168514665014e-32 7.697070438463907742e-33 1.476272716787188456e-36 8.833441777701455455e-36 1.075245565825357491e-34 1.295890055543410212e-33 1.580179749716423143e-32 1.509547061879803609e-32
-5.104482140000000251e-02 9.036995874349329825e-36 9.161248759472455898e-34 3.038374561096372546e-32 1.171912585744069170e-33 1.407134040637686976e-32 3.797792803615638563e-32 3.057379166094849274e-32 3.216882569895112454e-32 1.943928399760725783e-31 1.703451171585638830e-31 2.671358084516621184e-32 2.915182918395536128e-32 1.076688359351144099e-37 9.040219359129787299e-33 3.582326572446871972e-32 7.488743441173688772e-32 1.157046308968860142e-31
-5.047765669999999816e-02 8.756321091726789354e-33 3.049011260837191779e-33 5.067991160444772417e-32 3.329528315369888679e-32 2.290833826440985370e-32 1.559718176809119280e-31 5.047391994291670273e-34 1.973902899108693650e-31 1.433259170845105771e-32 2.521447204530909003e-35 3.423696734684907068e-32 3.883167393006459101e-34 4.219280430286961795e-35 1.804743780673635343e-33 7.223694993564067726e-32 1.077194486658708683e-32 6.013814760033688793e-32
-4.991049200000000075e-02 7.382441576682067404e-33 1.355927659414564707e-32 2.856100343114763604e-34 7.225415029914328506e-33 2.293514231161217104e-31 2.207896208334131001e-32 6.340084175591244750e-33 7.690626989440421055e-33 4.567766783123687081e-32 2.188251298153872174e-32 3.558876822015053462e-33 2.204464759577625145e-32 2.077849246065775307e-32 2.705591060571847155e-34 1.354151250063037322e-32 5.467381571224730885e-32 1.138699433270282840e-32
-4.934332730000000333e-02 1.355618351687240164e-31 3.011712545905992735e-33 2.135203014120981030e-31 3.053311283675765863e-32 1.587962649688972620e-33 1.224150098918911934e-34 6.321304169316594480e-33 1.691933958079014533e-33 5.111394564150287833e-31 6.258810815199375132e-33 3.069523561859504230e-33 6.541154994916073244e-34 1.087702540963584458e-34 1.775090601891788945e-33 1.003910204054759594e-31 4.433325184160340807e-32 5.532952375313538505e-33
-4.877616259999999898e-02 6.225322584978735703e-34 6.867481810395779822e-32 3.678713714186579386e-33 1.490334628815314310e-34 4.152575473871747471e-33 1.037623836445802000e-31 4.588668722266333616e-32 6.184733352038266438e-33 3.031898258894554367e-33 8.960636274928335443e-34 1.652928314310765837e-32 1.586730936144379155e-33 1.057118126246100856e-35 6.779286511163474195e-33 2.235470406148041108e-35 2.652714186022046949e-33 8.207608621209201120e-33
-4.820899800000000290e-02 8.521793241783974648e-33 2.956175936533169382e-32 3.674054797641198773e-32 1.073131396110053518e-31 4.608889335867443896e-33 1.208730877650360254e-32 7.450182488624884430e-32 1.276885073299544585e-32 3.857884028124598068e-32 4.829159338682742154e-33 9.900605243604493365e-33 8.891939353187515123e-32 4.071119385593064454e-32 1.738149257487469334e-32 3.419210151440072169e-34 4.960389101368687123e-32 6.784503557041296680e-34
-4.764183329999999855e-02 1.651487335690247474e-34 2.086962508226399486e-32 1.144427123631212960e-32 3.339099599999155525e-32 2.496575627633818955e-33 7.073193184304967176e-34 1.151463818691493934e-31 9.317068069818349089e-34 2.705857534502133333e-32 3.207287922597200257e-32 2.810346738066418507e-32 4.361331965232133179e-32 1.000760652095714334e-32 7.999378545334120824e-33 5.842980467392069512e-33 3.020199973001614924e-33 1.173245466491735207e-34
-4.707466860000000114e-02 1.239783432689824397e-34 1.512371516252604411e-31 1.390934220489200566e-31 4.013200942073898544e-31 9.045754070201197853e-34 8.317909405324972280e-33 6.876041955682189668e-31 4.176651743892887716e-32 2.950456014906791373e-33 3.524979570489832283e-32 1.244983173559556290e-32 6.617248669003965751e-33 4.675554927350084268e-33 7.196442012197901895e-34 2.094773197332499420e-33 2.913396374922258221e-33 9.897332407854192382e-34
-4.650750389999999679e-02 5.583678996611612853e-35 7.192500238747637531e-32 3.388417382422772339e-33 7.156265889745462895e-32 1.592448857990566333e-32 7.998921764260901369e-33 1.160083214057603604e-32 6.602663512044543386e-33 2.000834705702745126e-31 1.819515287645323412e-31 5.014554902547904672e-33 4.255136647480853192e-32 6.835777888931983419e-32 2.889650921112764294e-32 1.456571803636252882e-33 1.661217307685029877e-33 3.604944977789903212e-33
-4.594033919999999938e-02 6.592088176976112265e-34 2.722669701310157240e-32 4.057980228285228394e-34 3.010863828019868221e-34 4.754400028460200183e-33 7.503591957146273880e-32 3.647252219525419524e-32 3.056696260333351298e-32 5.053438857381031254e-36 9.766218268315732222e-33 3.062735775718096181e-34 6.898126183353059005e-36 1.660363912030170334e-32 4.794519771904942735e-33 2.026297170490027206e-33 1.150271309392946213e-33 2.317409143176052120e-33
-4.537317460000000330e-02 3.366646649940999980e-34 2.013908385091094728e-33 1.376941797749990095e-33 4.669922364972046940e-33 3.927639174696064836e-33 1.131595949390945772e-31 1.309503583472180157e-32 2.472150555188455233e-33 9.373265150508850345e-36 6.599644623631478413e-34 1.307410914225168202e-32 2.682861903463460005e-32 4.331105125481945440e-33 6.215687249251348564e-33 8.826934827833835335e-33 1.012161939124459469e-32 2.280042864131066767e-33
-4.480600989999999895e-02 2.353463104517551896e-33 8.945888196306554660e-34 2.909669976376890017e-34 1.994662421917248173e-34 3.213616732981164526e-33 1.920345929274083959e-32 2.560937646405577758e-32 9.300743044102967012e-34 2.087053904379982472e-31 3.750048737724731272e-31 2.277923924283679156e-35 1.904112172432054365e-32 4.673333383261133089e-35 1.837287113101580139e-34 5.082577521212726405e-32 1.912279082018680538e-32 3.277337391183419946e-34
-4.423884520000000153e-02 7.375106758453069322e-34 4.489938135841186621e-34 2.387998972253272523e-32 1.109460292742461808e-32 2.189987992581773803e-35 1.492031870334634938e-32 5.936775184156286899e-33 1.488703590889103046e-33 3.238600528821792646e-33 3.580585422622711342e-34 4.978144702877036456e-33 3.238204458732881115e-33 1.054074822842070046e-32 2.521547746044248387e-32 1.679828087539227836e-32 2.868306536419710146e-35 2.894360975906921791e-34
-4.367168049999999718e-02 1.871503651849884512e-34 7.873543174089253235e-33 1.278819372661052543e-32 1.289673254136339060e-32 1.181561144011466755e-31 7.915199040949487721e-32 1.107489388238402725e-32 4.002474102260614601e-33 9.780469624992289051e-34 6.828526850030261949e-32 3.195528009047901776e-32 5.873731756487074000e-33 3.867919451115274369e-32 9.324786138895882523e-35 1.371938513479361299e-34 3.450715879021973374e-32 7.509311288798409318e-33
-4.310451579999999977e-02 5.984588603212408456e-34 2.370509484266840472e-32 1.961832715161778385e-33 2.680557300740382453e-33 9.552499819744670141e-32 5.021731365934590217e-32 1.778537843528676552e-33 3.634511991037648424e-34 4.808522587193684302e-33 3.001624409971278413e-32 1.680402336358462004e-34 3.074436681181580114e-33 3.558394997308453040e-33 1.128568943618758836e-33 6.927899604018515071e-34 2.741605512785979083e-34 6.040697784095597613e-33
-4.253735110000000236e-02 5.904959105709974001e-34 2.325145542252922810e-32 8.573583390354984759e-33 1.198181714969467786e-32 1.812514071421067705e-34 3.292838463682521875e-34 1.376891145360841256e-33 5.364572581004513333e-35 5.376103483177232780e-32 9.214683882642083290e-32 3.921162312239092243e-34 8.646104111611774348e-34 4.276286182336638001e-34 1.223897401750996997e-33 3.095192228831878728e-34 9.050135899836154771e-37 6.848048689475233345e-34
-4.197018649999999934e-02 3.538202825917127810e-36 1.395976989371020298e-34 5.237429831062235793e-35 7.331202918906675931e-35 4.431553487776873587e-35 3.104241131962343695e-35 5.225549643434830232e-35 6.844902805473393764e-36 1.435805341456533655e-35 8.624803726231728823e-37 2.387133835334651224e-38 3.131069128000155699e-38 1.212830513258537345e-36 5.447877546131191384e-37 3.000262622730648103e-36 1.349324957625333576e-36 1.528534149975527926e-35
-4.140302180000000193e-02 4.943814137161000832e-36 2.084509020757234709e-34 2.860254170304027890e-34 3.980737473699288681e-34 9.743795292979077042e-33 6.317574731119431572e-33 1.843688518424322907e-33 2.568221977698820380e-34 4.881216185719161339e-33 4.169004560646618164e-33 8.149988748505624281e-36 2.258393834670930937e-35 6.843179196892099408e-35 1.088471189201890812e-34 5.453053804466916112e-36 5.910919821849099865e-36 6.370889591123782029e-35
-4.083585709999999758e-02 1.813700534477852278e-35 1.374083154318198858e-34 1.062081248804421560e-34 9.306215752618944330e-35 1.144323986235749665e-34 6.374723346368534211e-35 2.422241165028148151e-35 7.605100878907379660e-37 3.446673358354958502e-34 1.959659316721623317e-35 1.266348495849146088e-35 1.883237930492958987e-35 3.187668851026448848e-36 1.231038373629472746e-36 5.493801519553877301e-36 2.991293187459940204e-35 3.404720806937390257e-36
-4.026869240000000016e-02 6.566745095338629501e-32 6.081620455376745941e-32 8.015041029040187065e-32 9.301311774103587399e-32 4.003117623238020839e-33 1.053598498415281667e-31 5.548222788812399317e-33 7.469366061854781879e-33 6.110493138044497441e-33 6.370529647942852321e-32 1.560310763398801048e-32 1.987697087348089528e-32 3.763423623615206488e-33 9.689289707876848420e-34 2.683472968904665663e-32 1.736694622376670989e-32 1.681062833504606196e-33
-3.970152770000000275e-02 2.177554923614701515e-33 3.408567529260911158e-33 3.828902645769354647e-33 1.543370218970283501e-33 5.623264960896667962e-32 6.267475304599144785e-32 2.910566465783674153e-32 2.969931918281820536e-31 6.445355955177451796e-31 2.830819068256747132e-31 4.828244149641221593e-32 5.669499599097233196e-32 2.073998082623048326e-32 1.039860628335463523e-31 9.927175029953352569e-33 1.725779504045772428e-33 2.008415899226813359e-31
-3.913436309999999974e-02 1.035286642595518673e-31 3.527526727539754108e-34 2.350806041313381314e-33 1.152012333165160531e-33 9.212618576713497331e-32 3.602536210357735682e-32 3.393794863704769819e-32 2.205437063943533195e-33 4.341765254445367554e-33 5.102279666456322121e-32 2.063545842401305678e-32 4.315194579481506610e-33 7.271980240555644699e-33 8.574898129249836198e-33 5.526274091466392751e-31 8.662395143888098545e-32 2.596863579230619270e-33
-3.856719840000000232e-02 8.921040937351712320e-31 9.439422305443245708e-33 1.383976034765551012e-29 7.335057003894938532e-30 1.325371080609829274e-32 9.344651560183348607e-31 1.003546208314923229e-31 3.862834172713897891e-32 4.368443891377921712e-32 1.640816158936794708e-33 4.200301628661285347e-31 1.052599860944277482e-30 4.575682542628905241e-33 3.966202004934962967e-30 8.850667403409746251e-32 5.214474341463954497e-34 2.474203170118442167e-31
-3.800003369999999797e-02 4.053524715423236028e-31 1.612047936815333607e-33 9.881819790960551559e-30 3.688783291242016586e-31 9.809247235293597090e-29 2.054995949777751664e-32 8.902608304470094866e-28 7.441141610267373687e-35 1.595864029288924824e-27 2.975932446530358330e-31 4.322718274654683639e-30 3.109746059634311552e-34 1.417173162332328650e-29 6.242007981758769195e-26 7.855834359158814945e-34 1.132615438794360958e-32 7.215081780782180956e-28
-3.743286900000000056e-02 4.012483984434969425e-27 5.255332599565484898e-31 1.013597203630840582e-25 3.247098401574290161e-30 7.071004935610151165e-25 6.876495798252761753e-30 6.477507137424669046e-24 2.834091842742690005e-28 1.189860594125881953e-23 4.497000396975280822e-28 3.220929218230759843e-26 9.735321919514969022e-30 1.007758685874556709e-25 4.487894324218849874e-22 9.681822904095166653e-31 1.286784844349528872e-29 4.720829156493752457e-24
-3.686570430000000315e-02 2.236440028435573875e-23 3.707402295049277149e-28 5.458175974015529812e-22 2.368854513664824187e-26 3.688123667216794657e-21 1.501933911450662937e-26 3.291802754907846014e-20 1.340327135039537834e-24 5.991364051795309393e-20 2.228478978650609810e-24 1.547591648002236253e-22 2.235493551876030479e-26 4.782744766461426519e-22 2.121130367091836427e-18 4.272370881682251696e-31 3.416632158861861182e-26 2.001853561599539862e-20
-3.629853959999999879e-02 8.173161905151761635e-20 1.270045733201349160e-24 1.914019712953359682e-18 8.506064810097787270e-23 1.247666870404644589e-17 4.947668179888385015e-23 1.072850701201950523e-16 4.362820031522927943e-21 1.932715771582591399e-16 7.177532753908854149e-21 4.671657987844490119e-19 6.799330867045711910e-23 1.424526824603107409e-18 6.318015831923538732e-15 1.106183467700072435e-28 9.340713348462754609e-23 5.196859749425869176e-17
-3.573137500000000272e-02 1.888309530957303068e-16 2.914572903864757953e-21 4.196533225387226365e-15 1.867255494059279608e-19 2.614199731790701917e-14 1.037554333634691236e-19 2.143407147777435793e-13 8.716698164179101524e-18 3.811051184397797429e-13 1.415427621434445149e-17 8.459104395397761747e-16 1.230552691745444723e-19 2.535099164369190402e-15 1.124359073652964139e-11 3.007682443696085167e-25 1.473275190314799741e-19 7.726802224412524834e-14
-3.516421029999999837e-02 2.634777780512292460e-13 4.066052411482222466e-18 5.472414444149214453e-12 2.435054075127623646e-16 3.213575570909810213e-11 1.275511772659101184e-16 2.475481529525371528e-10 1.006715354284771969e-14 4.326212128895004545e-10 1.606762033382554201e-14 8.575134869708941455e-13 1.247434017707693227e-16 2.510924974197432870e-12 1.113637451499962987e-08 2.606722897688569087e-22 1.237957338008700051e-16 5.990774182231406134e-11
-3.459704560000000095e-02 2.098069456327921454e-10 3.237795809630816489e-15 3.982277111282931666e-09 1.771988619235173050e-13 2.159902438238400587e-08 8.572945507635304695e-14 1.528426255142406941e-07 6.215721028590233541e-12 2.608710056569650789e-07 9.688790476856356296e-12 4.419413779861517380e-10 6.428968682240622712e-14 1.252518186623052659e-09 5.555128807740924674e-06 1.027059917253230262e-19 4.877102729393399225e-14 2.096153300896744787e-08
-3.402988089999999660e-02 8.873523559607157615e-08 1.369385418459854147e-12 1.486725522699045208e-06 6.615463047934910632e-11 7.210028779012264085e-06 2.861758192973338235e-11 4.517799588651093685e-05 1.837274260391150094e-09 7.451077521615624515e-05 2.767341992086575972e-09 1.000288966260636988e-07 1.455131111361562063e-11 2.698028840193060250e-07 1.196621166243547717e-03 1.525695899345815655e-17 7.244790455013094304e-12 2.556369439190385892e-06
-3.346271619999999919e-02 1.816896249002552884e-05 2.803881951319960787e-10 2.537445637603617733e-04 1.129083854905501131e-08 1.040214013481249563e-03 4.128750471120094843e-09 5.398828337010103465e-03 2.195566257601009515e-07 8.433648367056780989e-03 3.132270361553669665e-07 7.709607577745751218e-06 1.121524902935137681e-09 1.908460838335541483e-05 8.464344784347525852e-02 5.334948393795564938e-16 2.533308780525125227e-10 5.800009110777663748e-05
-3.289555160000000311e-02 1.593652192943680003e-03 2.459365877880169238e-08 1.671786901395650241e-02 7.438928229772281505e-07 5.185356234596841946e-02 2.058138202004168641e-07 1.927978257738547918e-01 7.840597521842378241e-06 2.722462132830272274e-01 1.011126748349655270e-05 1.118695416718306897e-04 1.627378256643420935e-08 2.254705930568556263e-04 1.000000000000000000e+00 4.357614528515230651e-16 2.069234480929207860e-10 4.502724194569049005e-06
-3.232838689999999876e-02 5.079325174059427794e-02 7.838547877277188492e-07 3.217782796382202548e-01 1.431812586950173902e-05 5.711790661844620143e-01 2.267087164745840346e-06 9.475617677603334066e-01 3.853492858731107600e-05 1.000000000000000000e+00 3.714015839349496192e-05 5.631374086572444353e-08 8.192020146448017939e-12 3.938072522640079606e-05 1.746601394565048537e-01 6.019433394706634714e-15 2.858349015883117063e-09 1.192455090599398632e-07
-3.176122220000000135e-02 4.726282222546780432e-01 7.293722731496430466e-06 9.941085258705147920e-01 4.423471657946073031e-05 2.299218223408604767e-01 9.125908899616999697e-07 3.316307064763872603e-01 1.348657789558545789e-05 9.101441591561117983e-01 3.380289823350138528e-05 1.006945239633772382e-04 1.464814073427300286e-08 2.641695903642521195e-06 1.171636561492054272e-02 1.425234822321532565e-13 6.767778535006416522e-08 2.066100471703573048e-09
-3.119405750000000047e-02 1.000000000000000000e+00 1.543226237385066695e-05 8.040376921803148690e-04 3.577715963983060726e-08 1.000000000000000000e+00 3.969135598488592742e-06 3.636222677278010303e-03 1.478759336920411532e-07 6.257255942159585249e-01 2.323954768171950755e-05 1.418643167983895054e-03 2.063715478658107292e-07 1.469977647597942924e-07 6.519598088994792151e-04 5.791497725427576858e-12 2.750113564223716024e-06 3.208523747665313385e-11
-3.062689279999999958e-02 4.335958895558790771e-01 6.691365531923428130e-06 1.000000000000000000e+00 4.449686873217411742e-05 2.174424396765093359e-01 8.630585278429110242e-07 4.869362950801174317e-01 1.980246142788199558e-05 7.678617192847581041e-01 2.851850588066636414e-05 2.157604352275914808e-02 3.138690263610124665e-06 1.271731494823948103e-08 5.640343062741664837e-05 2.725203420722359864e-10 1.294072670328026383e-04 5.721120967917608831e-13
-3.005972809999999870e-02 4.719815262500933611e-02 7.283742748471816504e-07 3.344327628452650747e-01 1.488121074788827249e-05 6.293834259752052462e-01 2.498108161332025182e-06 1.000000000000000000e+00 4.066745820397289437e-05 6.337455746185407524e-01 2.353741102465465516e-05 2.504831793129131956e-01 3.643805757474129252e-05 5.061956385188081523e-09 2.245062796638445877e-05 1.105163648451045431e-08 5.247909433278785500e-03 1.590067318482083224e-14
-2.949256349999999915e-02 1.698845658557470752e-03 2.621703193522529218e-08 2.082817225022376081e-02 9.267884465135953342e-07 7.324184625612391308e-02 2.907068192812937016e-07 3.029806350510187984e-01 1.232145231287850649e-05 2.774369706954135650e-01 1.030405303667200508e-05 1.000000000000000000e+00 1.454710758379507910e-04 5.834486781823894692e-09 2.587693029017451582e-05 2.746140591754189902e-07 1.304014762328268573e-01 1.291926226817662296e-15
-2.892539879999999827e-02 2.518948669533209927e-05 3.887307669009230930e-10 4.299106313500787526e-04 1.912967692474525805e-08 2.103980370926031296e-03 8.350983386279452084e-09 1.309389731447924317e-02 5.324955217836982179e-07 1.361389503087234547e-02 5.056222177564356722e-07 1.450985435424024528e-01 2.110764123165166257e-05 1.154392884230641288e-09 5.119926618627873008e-06 2.105912196110750207e-06 1.000000000000000000e+00 4.700320392199695003e-16
-2.835823410000000086e-02 1.804723194425359057e-07 2.785096195087769095e-12 3.850104394303464214e-06 1.713175897476029234e-10 2.325404604504536168e-05 9.229846169785017805e-11 1.842746254788718801e-04 7.493980629417339684e-09 2.056699281537580732e-04 7.638613706404956152e-09 3.691915405306664573e-03 5.370669059041913926e-07 3.317875579561898761e-11 1.471533624914131363e-07 1.839977841326376451e-07 8.737201128414234796e-02 9.551859095475692821e-17
-2.779106939999999998e-02 7.023504991509317888e-10 1.083885814957169420e-14 1.761325505049648012e-08 7.837346955122037031e-13 1.233177907280608423e-07 4.894650296224654911e-13 1.151106895395698008e-06 4.681259146420627064e-11 1.346327762370535457e-06 5.000282667869161600e-11 3.348544795935299044e-05 4.871164137993466418e-09 3.232293088513938969e-13 1.433576316034385169e-09 3.156509750457670982e-09 1.498880036668923501e-03 2.271148221873886006e-18
-2.722390469999999910e-02 1.622013651136839753e-12 2.503133551173718161e-17 4.601250672489680591e-11 2.047412526240058392e-15 3.597909617323083064e-10 1.428059882493450086e-15 3.786711147302047863e-09 1.539959174734381887e-13 4.581232836492504130e-09 1.701477070280574495e-13 1.432996187901004847e-07 2.084594973105279870e-11 1.452322294697870495e-15 6.441292198507048419e-12 2.043538333325436991e-11 9.703815457970544551e-06 1.784022951727379521e-20
-2.665674009999999955e-02 2.381127203970298885e-15 3.674576968381231702e-20 7.447231496842543531e-14 3.313777672821651706e-18 6.348846822176453046e-13 2.519944038822240680e-18 7.330629939819484918e-12 2.981180176256933620e-16 9.101152889046733940e-12 3.380181422651078473e-16 3.383109295370135693e-10 4.921445449825115415e-14 3.554582705547211793e-18 1.576516869279551399e-14 6.503697903560067514e-14 3.088304422262479615e-08 6.486739671815760014e-23
-2.608957539999999867e-02 2.347282735652569721e-18 3.628972684806873806e-23 7.949689431785938009e-17 3.538919685639829430e-21 7.267567316102611367e-16 2.885483968003492382e-21 9.038183504866852734e-15 3.675617275547365926e-19 1.145478593110112760e-14 4.254422667659209599e-19 4.878732883589920278e-13 7.097147532090272758e-17 5.271653463621000188e-21 2.338264067273313781e-17 1.179679356599702768e-16 5.601743927116006608e-11 1.313402475767902601e-25
-2.552241070000000125e-02 1.624484390188926292e-21 2.390580536167758543e-26 5.879844320959622327e-20 2.598186013214189198e-24 5.696590719173182508e-19 2.296507281015469189e-24 7.531485072676804509e-18 3.062736720220584192e-22 9.708193499655144312e-18 3.607341748848971130e-22 4.619983580574004511e-16 6.720765633199890871e-20 5.098663325397366702e-24 2.265138976471686532e-20 1.342368366852141240e-19 6.374567810059906574e-14 7.005407292547342022e-29
-2.495524600000000037e-02 8.185619539325817008e-25 5.658861554579723762e-30 3.135120792990580282e-23 1.275537129602660665e-27 3.193465588744012399e-22 1.538153203932616688e-27 4.443574184904517520e-21 1.801568765837321136e-25 5.809758709612925487e-21 2.183705597284158188e-25 3.033499044595204248e-19 4.415090299799027268e-23 3.455067284649839052e-27 1.517172449817859017e-23 1.025620947460041878e-22 4.871508929461387439e-17 3.539812367311368742e-29
-2.438808129999999949e-02 2.915686729874872639e-28 1.054439612229945954e-29 1.149819688231905938e-26 1.931260572147325298e-29 1.318017310170906733e-25 1.346351204479715889e-30 1.921296391789973046e-24 7.425390448586509427e-29 2.568513997782120351e-24 6.724751093301507415e-29 1.440992376163037421e-22 2.136352341025433908e-26 2.078309354108066742e-30 7.242467032648594068e-27 5.479003580800732895e-26 2.631510461837455108e-20 9.220209350688107328e-37
-2.382091659999999861e-02 2.211833371532595637e-31 1.136622798108313935e-31 8.025184922772920768e-30 9.247136632000964569e-31 8.008458389883322977e-29 2.867122852711930531e-30 1.178022189633464739e-27 2.647852581142430957e-30 9.077568263568053714e-28 2.591528012585077764e-30 5.201662804300156775e-26 2.966807235347216184e-30 8.710397204624415694e-30 7.527547344207781751e-31 2.263429387060619369e-29 1.046149950061837093e-23 8.354888263044496537e-31
-2.325375199999999906e-02 1.741912817858954998e-32 1.253909385377548944e-31 2.776101010989795446e-31 3.089824358920621546e-31 2.522716356177020857e-30 3.128325498132875648e-31 7.170305881927069548e-32 1.108604437737015127e-29 6.204682450008487466e-30 2.232348838854446912e-30 1.464979825751996113e-29 2.461941782260790562e-30 5.969713529069040524e-31 2.852189162401248345e-30 5.443348686862520178e-32 3.076822855595294291e-27 1.249154882185196734e-31
-2.268658730000000165e-02 1.328282836656036488e-32 1.062013021768505451e-30 2.075482511325025824e-33 2.050352548210214121e-33 4.021958212577048335e-31 6.408181567715935674e-31 7.564783116254115555e-31 6.005823991285403466e-30 1.704991462469183392e-31 2.754875383479411112e-32 7.259168134586807254e-31 2.099054062365363868e-33 2.000177371573907769e-31 4.839361774549933718e-31 7.749199427680462554e-31 1.295622221012218891e-31 4.857053670901695505e-31
-2.211942260000000077e-02 8.207447035287312391e-31 7.800941464909150632e-33 3.927013455522685150e-34 7.785577671096243889e-32 4.796582720744476799e-31 7.546114546803871007e-31 1.982632775712434066e-31 8.773242584069877731e-32 1.811331619084035307e-30 1.429238697087359352e-31 8.308107887118715048e-32 1.802047503709823640e-32 8.558107674363295151e-32 3.969730794253262363e-31 1.046699754039276083e-30 6.621806496851130456e-32 1.908787857690597233e-30
-2.155225789999999988e-02 4.653628209516623241e-33 1.266783319894586819e-32 1.055002583880412969e-31 1.655826410931773324e-31 8.521445695449830791e-32 2.447317454253002327e-32 5.753354527206837145e-30 1.790612222359565608e-29 3.902174572419291958e-32 1.142377615030337344e-30 7.596327974710082563e-31 4.261857621425802944e-31 1.418169778865316099e-30 4.931019850447779924e-32 2.120871011367731662e-31 1.834813388855223085e-31 2.184653938164272201e-31
-2.098509319999999900e-02 4.634168330939614935e-32 3.186038012766059003e-35 2.349155144169405120e-30 1.471872477584418179e-30 5.803111711478412665e-32 1.153117195398753067e-31 3.372916301217911365e-31 2.617102931294052375e-30 1.786882663482006700e-32 3.178839950097657936e-32 2.946814574628537223e-31 1.051907071193711157e-31 4.404434296033833206e-33 6.269059301947781248e-32 5.193106863361251086e-33 1.304345436143045551e-33 7.010349650834712574e-32
-2.041792859999999946e-02 1.198444009782168637e-30 1.687147288856316237e-33 1.347137602790018357e-31 1.494627811891327560e-31 1.143812203380362717e-31 1.888966511799246345e-31 1.755401508045066362e-31 4.146027546916212853e-32 7.465110051430156078e-33 1.814666561713400215e-32 1.487517446905332297e-32 7.434350882676821687e-31 8.372697215984569477e-32 1.050581650953836028e-33 1.497261443868129332e-34 5.357279042377297543e-32 3.162448313060593735e-32
-1.985076389999999857e-02 2.351152815353109317e-30 2.489094205475133097e-31 8.132192220133904093e-30 1.027046171339791949e-30 2.476448178755606590e-30 1.531571627649143276e-30 8.313376989347832044e-32 1.214306610238312746e-31 1.251749818307633365e-32 4.347851092256627138e-32 6.867903737680659178e-31 1.340596070873531465e-30 1.031892617409577819e-30 1.683560353780771385e-30 1.109041834590854051e-32 5.243657452992809030e-34 5.596158030252227064e-32
-1.928359920000000116e-02 1.956715384382600172e-30 2.823555241703332646e-33 7.978033481077535652e-31 1.566511694754612600e-30 1.256285920095059410e-32 2.106155007176737170e-30 3.958555498977727463e-31 1.482249240222792389e-31 1.724321338840005854e-31 2.761946276478429368e-32 7.083112965693519439e-34 3.599833037061577197e-33 2.811485944499219125e-31 2.144742332253962288e-31 1.235215868645192810e-32 2.097649158281363302e-32 6.260746527600527555e-32
-1.871643450000000028e-02 5.654913120900059550e-31 1.267316969035274095e-36 8.117151464035547223e-33 4.763463242357877434e-38 3.797942066197105222e-31 2.147996974053453443e-31 4.663885208126831851e-31 2.900723426448647730e-32 1.085853804288696459e-34 2.587459996019069705e-31 8.271329306744404964e-33 7.919482427977743930e-32 9.122905032433827238e-34 8.735300758253361770e-33 9.811570220724560859e-31 6.517731374705991430e-32 3.113186474386597290e-33
-1.814926979999999940e-02 3.250135571992120769e-32 2.235111085280546435e-34 1.448410827944042098e-31 4.949799817006394770e-32 1.001200475666350308e-32 6.337131972852829680e-32 1.920162049534785745e-31 1.203741583191981876e-32 1.630942876946949819e-31 9.924246966620392309e-33 1.657145588508232844e-34 2.172798592096820898e-32 7.532213685060888995e-32 1.297218495935761319e-32 5.977217393811973542e-31 2.360212250096530785e-30 2.444156552055327369e-32
-1.758210509999999852e-02 1.404483194065517603e-33 3.694408280371368697e-32 3.465969447894311866e-31 6.443464063518428299e-32 4.350278909924558924e-31 1.870593966526133558e-32 6.509988343454464677e-34 3.959189592301623415e-30 2.233746038762213190e-29 1.534121798704872565e-29 7.997522315214460405e-31 4.006745760375123094e-33 3.446408904515813331e-31 2.273188229530132067e-34 4.942453105376407323e-31 4.744640297336607280e-32 1.825241577435096440e-30
-1.701494049999999897e-02 4.405131436082454660e-32 1.961606934053311663e-33 1.019868494672984303e-32 1.933889572241591610e-32 3.279509654827994616e-32 3.758439181302501344e-33 5.266145923926118836e-32 1.007518009061679538e-30 2.223542674090958928e-31 3.261433150705516283e-34 2.850719801254149912e-34 8.916052369116811501e-33 1.974166232888057061e-32 1.473621514372094501e-32 1.034902287847208489e-32 1.230631027335180824e-31 1.451882923431253676e-31
-1.644777580000000156e-02 3.576441776550985129e-33 2.557459377955341270e-34 1.528596709763802261e-32 1.136058759933507376e-32 1.099966558523042213e-31 2.559036009811089604e-32 8.398004795816509172e-32 7.450747573148696983e-32 1.599623156693178873e-32 6.112996113390174255e-36 6.673958039188588202e-33 1.375754430728786959e-32 1.426309195707570545e-32 1.739281249996369836e-32 5.264585398413439977e-32 1.000610334357798684e-32 9.809681686632400059e-33
-1.588061110000000067e-02 4.364509944477000578e-36 8.557546812991380376e-34 4.550054910625534456e-34 2.081695291879550904e-33 2.652374947340184806e-34 1.946937038343196945e-34 3.087232148313392462e-33 1.137758509450501826e-33 3.215314871236084477e-34 5.253854061231069449e-35 8.135608960780141392e-35 1.495690594300550856e-35 1.695957047617988993e-33 3.319446149947235798e-33 3.294171856647335332e-33 1.766506531176420449e-34 6.349353570535628059e-34
-1.531344639999999979e-02 2.770909037261062003e-33 2.685255411037575970e-32 2.613105514640668007e-33 1.223751938874501769e-31 2.034279088226466087e-33 2.421417169012784344e-32 4.743395816951915930e-33 1.997994351656498581e-33 9.212978669527164870e-34 2.391434420010219511e-32 3.591860049273878458e-33 8.074556307663897440e-33 7.726865151253168095e-34 8.405097912929584404e-34 3.530649624879554436e-33 1.021173137765071883e-33 2.127802988319989955e-37
-1.474628170000000064e-02 3.826169253550732649e-32 9.315407839392860264e-33 2.379504350207153047e-32 7.298432114901852494e-33 6.168718110814330327e-33 5.688203054213662444e-32 2.513037175977701532e-32 2.677724381492512271e-33 3.395674450628649152e-33 3.064217242285685905e-33 5.958451411249536657e-33 8.964591541138665518e-33 1.029595666189240122e-32 2.192621455716043349e-32 1.288822571461954921e-33 4.859315480219590563e-32 1.698538088940988073e-34
-1.417911699999999976e-02 3.451138044677538154e-32 6.015559165996275047e-32 1.739390921975897635e-32 3.730705507809444527e-32 3.758608425119758483e-31 1.782722782118266590e-31 5.144503685642039943e-36 7.255488756529258918e-34 4.734795914638449505e-32 1.214542184245741633e-31 5.700544104104701540e-32 1.075804745180310483e-31 3.376302178163376054e-32 7.329189080921106587e-32 9.755399660278808558e-32 1.091913470472283191e-32 3.016445412707301614e-35
-1.361195240000000022e-02 1.147466620295521234e-31 7.370040416388713302e-33 3.417047271258028900e-32 2.241056402183700802e-32 2.292136356308171683e-32 4.311055885923496250e-33 7.571545784856647276e-32 4.604505261103305061e-33 2.838833300705032721e-32 1.044757938124163777e-31 1.271881897037987935e-33 1.423364531805166955e-35 9.248975857385890084e-33 5.154034237533053157e-33 3.330535024429240678e-33 5.264425109269649329e-33 1.874125787419853439e-33
-1.304478769999999933e-02 8.163173275389899643e-32 1.020021414254479783e-32 4.548240331468822788e-38 5.809895959782476434e-33 1.254446081223368401e-33 7.015631895651958604e-34 5.232911053961140012e-33 1.747822191475676882e-35 2.906510694387282503e-31 1.872698902373914801e-32 4.954244348393223926e-33 7.546712423859655818e-33 3.043827598083659598e-33 7.456104225238874196e-33 1.159961277512433760e-32 9.074524265673058866e-34 9.344548116961285866e-34
-1.247762300000000019e-02 2.288928570940911290e-34 4.238161785800851551e-33 2.013577652947089654e-34 2.981186900490348924e-33 3.183896520087271411e-32 5.774671555852546331e-35 3.201792110816378954e-32 2.705675936574586223e-33 1.088590744906067420e-31 1.314417860534572151e-32 4.043420508795073183e-33 1.477007055339322658e-32 4.967352960143093161e-33 1.093954660836884448e-32 3.881431705455602526e-33 1.264903896074917643e-32 1.677969523976442175e-33
-1.191045829999999930e-02 1.674664854369930745e-36 3.467377076840929280e-34 1.903820081637958767e-34 3.253658888448738463e-34 3.504878928913911531e-33 4.860943737485834771e-34 7.182651646667566894e-34 3.494578474085961653e-34 1.368216346927552205e-33 1.409537113768660702e-32 3.678064139227600532e-34 9.666672015546397928e-34 6.508211702648426192e-36 2.196234820417105091e-35 5.309635043076754278e-35 8.022619270757054836e-34 1.791630843066742192e-34
-1.134329360000000016e-02 9.159076234066614414e-35 3.188304285150637028e-33 4.834947770723129661e-33 7.119433474653258077e-33 1.482174249739933898e-32 1.181642409702477520e-33 9.205337237470105581e-33 1.340684292080556236e-36 1.650855324030359027e-33 9.910272420214398662e-32 1.978025235240325754e-33 4.303327829402302109e-33 3.097014081959858251e-33 4.944565227867108394e-33 1.947359724840564434e-33 2.416140066545562960e-33 5.283941460020795106e-34
-1.077612900000000061e-02 3.602877785945996670e-35 1.270127976464111512e-33 4.226892341571197289e-33 5.960705063602661774e-33 5.725449631527926709e-35 2.157223544372613303e-35 3.131535160720491124e-33 2.848599277396994928e-34 2.921755567567048682e-32 4.237028175720006677e-32 6.302961974712810293e-36 2.010884088310447019e-37 2.153232799198706257e-33 3.022309889333769756e-33 2.900850028796517701e-33 6.847855336109122118e-34 1.358283000724265549e-35
-1.020896429999999973e-02 5.355715078105865042e-37 4.644473245800260006e-35 2.271197421812629782e-36 2.962528470533497094e-36 7.307281535998273246e-35 5.060993030713570465e-35 2.742746777637483472e-33 4.325646127384605231e-34 5.257689306551683503e-33 4.626221690260543815e-33 4.929692419505393200e-34 9.077559755194464409e-34 1.600591023093439715e-34 1.420940431549231462e-34 6.221550530458047752e-35 1.156285335454827348e-34 1.468950158160141942e-34
-9.641799600000000581e-03 1.010104593486351057e-35 3.719594444413024180e-34 1.124595994256500166e-34 1.578176865397588660e-34 2.603462132539887386e-32 1.682555840749352074e-32 2.812649846786572541e-33 3.834179313157351257e-34 4.013888211092007609e-33 3.277136990821953357e-33 1.665699089404752621e-34 3.902024124846591828e-34 7.479742914476584797e-35 1.052030968796083151e-34 1.553229568797660276e-34 1.177964931015802442e-34 6.561482634635917234e-35
-9.074634899999999699e-03 6.476092416323056791e-39 2.418057285428101107e-38 4.244226871475233040e-34 5.933317340508782288e-34 1.274663876377109048e-33 8.105883069524681715e-34 4.567720759762084598e-34 5.383645237847192849e-35 3.074377296929693063e-37 5.000629798296072721e-36 1.262456553214642032e-34 3.783632505839295521e-34 1.237807325567321837e-34 2.283111037694687437e-34 7.465034781671369088e-35 3.799217032210640408e-35 1.129003590483499107e-35
-8.507470200000000551e-03 3.451392485002044875e-37 1.366668733846073954e-35 7.021435570415597475e-33 9.827295855244844398e-33 4.898859812810718728e-33 3.150942385480528182e-33 2.519616540402934926e-33 3.618915782599388704e-34 5.532734715719805203e-33 4.562827689017905631e-33 6.384454720233567075e-34 1.648519962411288379e-33 1.908789994853722371e-33 2.897132124783303288e-33 2.800214438608089887e-33 1.957357622649697826e-33 2.090250504403520304e-34
-7.940305499999999669e-03 2.349052702944584766e-36 1.501886813833245912e-34 4.443686188877995265e-33 6.204343624261968986e-33 5.283041946154513273e-33 3.491976164257596310e-33 7.623193576542113035e-33 9.185416225777976303e-34 7.708884371649675864e-33 8.210311997570469913e-33 2.585536551804978177e-33 5.453330549803382127e-33 1.231003692998318575e-33 1.502255989971380107e-33 1.900508852014310436e-34 2.458679986914739677e-34 1.228112885726525566e-34
-7.373140900000000122e-03 4.144322427564146637e-37 1.512951145609048603e-35 1.811995106300796112e-33 2.535070218556650763e-33 4.360500590879563195e-34 3.097228505282926292e-34 4.928928954561363263e-33 8.442697511316702518e-34 2.971169514372741231e-33 3.776308510284905342e-33 6.513851856974556137e-34 1.032134621904777683e-33 7.269824530299631327e-36 4.657043498930909808e-36 1.971957569247791632e-37 2.705662905483794114e-35 6.156397337285391691e-35
-6.805976200000000108e-03 2.730454514910378019e-34 1.043111030959634098e-32 1.286373476819760663e-33 1.802411844492251267e-33 3.865032197205891715e-33 2.521703265095921361e-33 5.479248003283772474e-33 7.059297779790211083e-34 2.797711743790959457e-35 9.750906226862310020e-37 2.826634588285150081e-33 6.465972278368351156e-33 3.544075765123652740e-33 5.098626474000620378e-33 3.542133005793029011e-35 9.780905739463902152e-36 1.526561364938698758e-33
-6.238811500000000093e-03 3.348135246867946906e-34 1.255834098955799960e-32 5.922894596920392908e-34 8.259082083203284593e-34 6.550844694746249110e-33 4.213386465479293967e-33 6.271164743916473140e-33 8.590202048155538312e-34 2.609696162447679651e-35 1.150330419654737655e-35 1.929605839815482636e-37 1.607844533365584798e-37 2.878778898957144932e-34 4.661136379636149781e-34 1.191816476714280410e-33 8.841264776539524796e-34 9.710019153956649880e-34
-5.671646800000000078e-03 2.186815113174602493e-35 8.461352557538853613e-34 4.612042641493387791e-34 6.453806632712050155e-34 1.181769283938750967e-33 7.559816323138417715e-34 2.277226875160407693e-33 3.337598791733350498e-34 1.667706532895642622e-33 1.305551716076035861e-33 1.177641885742143836e-34 2.557590779073030982e-34 9.745721998707709727e-34 1.431296643643471002e-33 2.084159537625412887e-33 1.433242266355768852e-33 2.201515835498147383e-34
-5.104482100000000064e-03 3.294765823848822260e-34 1.308123017044048837e-32 5.787890554851916410e-33 8.108074109526488759e-33 1.747461378041199847e-33 1.119201620007382631e-33 2.570703667086958695e-33 3.976013088921827986e-34 3.213177049559680608e-33 2.542716805587864072e-33 6.768376937913451560e-34 1.419918038197410160e-33 1.040990002082825427e-32 1.535716329317555315e-32 1.002974117948734215e-32 6.901469770357737556e-33 7.117599189966821199e-34
-4.537317499999999650e-03 1.544774362302128948e-35 6.143430820197621896e-34 6.525813437043239206e-34 9.143116404232168917e-34 4.375508402532615672e-34 2.685393044373671803e-34 3.263150514725954407e-33 5.122953753881813752e-34 1.588484888591317544e-33 1.781828353046499734e-33 8.905180895310410302e-35 3.129934211729769780e-34 3.426453214908052568e-34 4.156783506414845677e-34 7.623353530018907923e-34 4.501498510308372139e-34 3.632761597106847672e-34
-3.970152799999999635e-03 7.065559516628922009e-35 2.597986464012880334e-33 6.024034032962879815e-34 8.403982165607358999e-34 2.870161230135682204e-33 1.883155340873611627e-33 5.964715165208817413e-34 9.011048720819796109e-35 8.926323629224142951e-34 5.372288834266544477e-34 9.729195985939724032e-34 2.448362898785288923e-33 3.515561685047379033e-34 5.294994246437236253e-34 4.887183280862315955e-34 3.791360967924700632e-34 7.680774849127870281e-34
-3.402988100000000054e-03 4.443586603595626122e-35 1.628113619164087157e-33 3.649990296173837648e-33 5.103004292663177488e-33 4.168639412230874603e-33 2.708812239732003547e-33 4.407969928253116549e-34 5.450218049102009665e-35 4.084604684801432344e-33 3.204204550355709498e-33 2.023439423410576714e-33 4.917098060881680629e-33 8.452507443413021385e-35 1.111729470548500683e-34 3.961478579653612173e-35 2.036439718745252741e-35 1.637625743803811670e-33
-2.835823400000000039e-03 9.272599967220117008e-36 3.456649063973465284e-34 3.302199220360626179e-34 4.618412199557004448e-34 7.227100808198060713e-34 4.558886954917257649e-34 1.314659546037964219e-34 3.034909016101549618e-35 1.859956400092922338e-36 4.596770992697027895e-36 1.251567321939737525e-34 4.351496659150685787e-34 7.087736354335592283e-35 5.401108816299306183e-35 1.689835583724307846e-33 1.077966793816004561e-33 8.329243006610330046e-34
-2.268658700000000025e-03 7.259356236885564160e-40 4.771125803304520968e-37 1.288143786621012806e-35 1.789344951399626250e-35 3.222571140881378589e-34 2.068339457651197066e-34 7.153926105056902495e-33 1.080325574516713227e-33 3.217222571894645635e-34 2.401857674710550229e-34 4.250807445911850122e-35 1.983959020526669907e-34 2.911393972818611176e-33 5.043748502592583071e-33 4.974016705215864296e-34 2.932653101196842625e-34 4.133391621277159978e-35
-1.701494000000000010e-03 2.865208028985515252e-35 1.052145332901643571e-33 6.487676361341831470e-35 9.156138528721605302e-35 2.188488718216102276e-33 1.344633356314027959e-33 1.830779244976450892e-32 2.916480122176520502e-33 1.042516646740231259e-33 3.176614605877590496e-34 4.152222691088579940e-34 7.373335001835994817e-34 3.496638317183799485e-33 6.730430460283668447e-33 5.745054987028118901e-33 3.473683514529687789e-33 8.013551191431236505e-34
-1.134329400000000029e-03 3.723111450978679179e-37 1.647952599679671442e-35 6.473670706910568771e-35 9.084312186589588062e-35 1.044314696750468449e-33 6.070828658584975010e-34 7.967798968711763796e-34 6.672143004562471949e-35 2.228755703166967259e-33 7.224153036934663166e-34 1.282218941297122550e-33 2.896309402422736572e-33 8.755186420747282330e-35 8.064840748176276700e-35 2.699034562998182319e-33 1.541830747076084668e-33 7.884683002422764570e-34
-5.671647000000000147e-04 1.781603124859013681e-35 6.501510047846159274e-34 1.587388597357488826e-34 2.221058126464733912e-34 3.750325038581508958e-33 2.268300268763461414e-33 6.865213517594954848e-33 1.109556367540204001e-33 1.859003049880750469e-33 3.493918152226639817e-33 6.903636395557379734e-35 2.033928575265304919e-34 5.182250379331827753e-33 7.705846145923789357e-33 1.947330263719946988e-33 1.749411096148805931e-33 4.453212004721240967e-34
0.000000000000000000e+00 2.714587986360737157e-36 1.088226279954409400e-34 5.628505098180819075e-35 7.876275848501051080e-35 1.077211682924832621e-34 6.262383763365072825e-35 3.167833374505407203e-32 4.717024358986048727e-33 3.245191559006586760e-33 2.190948830306232588e-33 1.572881182379693104e-33 3.536526394494158952e-33 3.349623641913617482e-33 6.063434891352424602e-33 5.857952941571800153e-34 3.060023389946403943e-34 4.121810554461011859e-35
5.671647000000000147e-04 1.669775882984227559e-35 6.659390355407637869e-34 1.512315848954300571e-33 2.120347259345010849e-33 2.102536928770014641e-32 1.313360539872406838e-32 4.552761904521285049e-33 8.321283973395106673e-34 3.370241005585082551e-34 1.630438960512339467e-33 2.593754899205863858e-35 1.641754624829992906e-34 1.554972320133008939e-33 1.972831144707239844e-33 2.343642637084562029e-34 3.988623619812014401e-35 1.945024738165204336e-34
1.134329400000000029e-03 6.245390054347021974e-35 2.344705048912974469e-33 1.629377183675192633e-34 2.269393502801992888e-34 5.089460357256108715e-34 2.979341252519081876e-34 2.869540956614000374e-33 3.438734551251229339e-34 1.184886298764090311e-32 8.067494546825534970e-33 3.319266232427919010e-33 7.939158159318831743e-33 1.179004262747355453e-34 1.412922286249353910e-34 1.018151388370306105e-32 6.793074440373756382e-33 1.582756208576818277e-33
1.701494000000000010e-03 5.832286552519489632e-36 2.272482790065054466e-34 1.289092323212322949e-34 1.806372581655271893e-34 1.395087109060662383e-33 8.759017244426689365e-34 2.366414348919129597e-33 3.429679006951331563e-34 1.399591155455832323e-35 1.622965457230767143e-36 1.059702421362782103e-34 2.305721732092239234e-34 3.111436631948447683e-34 4.931196511838458128e-34 4.151148674001341738e-34 2.732946497540617810e-34 1.365682093834350293e-34
2.268658700000000025e-03 1.640679543153747634e-37 1.066942751487142262e-35 5.746941582320634836e-35 8.102120835647002262e-35 7.136704905702357378e-36 2.320813744916376104e-36 7.994137829187225511e-33 1.060762264343994485e-33 1.846696407424108771e-36 4.070077709864571984e-35 4.388228996611621782e-35 1.077482716804271795e-34 2.777171173086173529e-33 4.203746118692949601e-33 1.055694910177663648e-36 7.170839990341709306e-37 1.009861038089081902e-35
2.835823400000000039e-03 1.176456384887906267e-35 4.460576099819659218e-34 2.304855402755675546e-34 3.224430265306306318e-34 2.850693866128369896e-34 1.789975877851019093e-34 7.533494300314722981e-34 1.069004813141328054e-34 4.331747532507077582e-34 4.573916954744106306e-34 3.476722119146978506e-34 8.573345979458952393e-34 2.814411068578894433e-35 5.183474779767795819e-35 9.263913343829859864e-34 6.763380940182468992e-34 1.651717380165533285e-35
3.402988100000000054e-03 3.678501672688324604e-37 2.089784856952964513e-35 4.491270593119794294e-35 6.247256747648171732e-35 3.203669043197274616e-33 2.069249604685350939e-33 2.470032973381642118e-33 3.074560458857779471e-34 2.952951127089694853e-35 1.783240925225787931e-35 9.059930055723620586e-34 1.954700897260115261e-33 4.607691882560444446e-34 5.319074365981051597e-34 6.628687263566529948e-35 2.973406965829175668e-35 8.043992982072838651e-36
3.970152799999999635e-03 7.009534666190186261e-35 2.711074788016010920e-33 1.119298357108152632e-33 1.566407756882858765e-33 2.489646153986736911e-34 1.609429357162979569e-34 1.700681548952930723e-34 3.240099727436415549e-35 2.830396996101641297e-33 2.438890053225509089e-33 4.658206177174049379e-35 1.831144881155963428e-34 2.764034694368691873e-34 3.189613158266778218e-34 1.895158481242335037e-35 2.288709696793889843e-35 2.752041668065892068e-33
4.537317499999999650e-03 1.533064851610356312e-37 6.361271113844522981e-36 1.069167602225505918e-36 1.488751739335684524e-36 3.499387304230368118e-34 2.258241784970196173e-34 2.498506926918051934e-33 3.783758026477264170e-34 5.488246219645558550e-36 6.387998776456397935e-36 2.169375259037663782e-35 1.007913688829109301e-34 1.702161619291533337e-33 2.371000942860488133e-33 1.783834926764252278e-33 1.198620559961540234e-33 3.549117258214929469e-35
5.104482100000000064e-03 6.697718441562202376e-35 2.564095373852838085e-33 6.197162602524438404e-34 8.667021762555899352e-34 7.986059364892358414e-34 5.096334248461271566e-34 1.448935034044265507e-32 2.045670523612177900e-33 1.058405520735370565e-33 8.177418967126874111e-34 1.549534006794146376e-35 4.816033636382707728e-35 7.825302665095793192e-34 1.169857579809941884e-33 4.490774608572428562e-33 3.174754300158306656e-33 7.906455769447785581e-34
5.671646800000000078e-03 2.839826036271077999e-35 9.909629642806687895e-34 7.829156642952214348e-35 1.085013878945022645e-34 4.216536250394297950e-34 2.717164548473058225e-34 2.301476113973721972e-32 3.158961197038720471e-33 1.617499671870075804e-33 1.343053875622512425e-33 7.184474791927202833e-34 1.577605034161256222e-33 1.122777712735989962e-33 1.599916910065877898e-33 4.779570578135573719e-34 3.748283234988975941e-34 2.845424657497911891e-34
6.238811500000000093e-03 5.243993043347233879e-35 1.969252940852708368e-33 2.602105155152955833e-34 3.636371012348214681e-34 1.743272363379540017e-33 1.096020590546829533e-33 6.795650919352547588e-33 8.706852182345401782e-34 3.658821478613967216e-35 1.655367230899938253e-38 4.211388575189740264e-34 8.282346362157064706e-34 1.014088601714084069e-33 1.367599194642434352e-33 1.602142912825311839e-34 1.693046104048679243e-34 1.774362698003293071e-34
6.805976200000000108e-03 4.304386709561932077e-35 1.607275490162395453e-33 3.480401471443046951e-34 4.880336542488694726e-34 5.187740713072735483e-34 3.324891902413905621e-34 2.261457272478366801e-35 2.616346830018796932e-36 1.218105954413789641e-33 9.876201855513977769e-34 3.840814525928441819e-36 1.316914047121709676e-35 1.201230905503003980e-34 1.911263387790472540e-34 1.775847919838119717e-34 1.336918660933591270e-34 8.757970594657395497e-34
7.373140900000000122e-03 3.967128857003007136e-37 8.039926555648471098e-36 5.907100272476600247e-36 8.448924529949231571e-36 8.075913110903021629e-35 5.050176554509389700e-35 6.486809999292227540e-34 9.919751512769142661e-35 8.637512455450067038e-35 4.988722338287656778e-35 2.227751681330517879e-34 6.146069074209699505e-34 2.966852764459954647e-34 4.980824091321442545e-34 9.794018185237687525e-35 5.834025835942747870e-35 4.593594474605745531e-37
7.940305499999999669e-03 3.959960300179826627e-36 2.016913471029194575e-34 5.534540323836988255e-33 7.734620710335613148e-33 3.346244809705690277e-33 2.208694749544121764e-33 1.778900009723487087e-33 1.965304851187776938e-34 7.859064781351130659e-33 7.925139802171559328e-33 1.095522883338055085e-33 2.226716776148532238e-33 2.405299712317329964e-34 2.490805857159767809e-34 4.013200687339965151e-35 7.063629175064662316e-35 8.371827025874439500e-37
8.507470200000000551e-03 1.472180545226615282e-35 5.456424076758600545e-34 1.136783679673502249e-32 1.590548772014307617e-32 4.144040253544546654e-33 2.682400858341935082e-33 4.508098127666917676e-33 6.156622362296448761e-34 1.511846966025375329e-32 1.315293840590536560e-32 2.748429931605188147e-33 6.698652945495985231e-33 5.501195544096850260e-33 8.594303077793942992e-33 5.103578069789688592e-33 3.702513581925308135e-33 2.242525080008934792e-35
9.074634899999999699e-03 2.693317931242717020e-36 1.284949298565858981e-34 1.880996303513048227e-33 2.628326857965892222e-33 4.824287841207460156e-33 3.063428354893711705e-33 2.755067739075459667e-34 2.270272121445209508e-35 9.189660297614870994e-35 8.742013109161333229e-36 1.311612440545593572e-34 4.709871648328810409e-34 1.439548768419710372e-33 2.505927373187056047e-33 3.938121729307369480e-35 8.070231564194642589e-36 3.964872631264518266e-34
9.641799600000000581e-03 1.236762556428588665e-35 4.188942827326399768e-34 3.117821574039244639e-33 4.369054906039519531e-33 2.790206349179440144e-32 1.799209617175904872e-32 1.921908821985999219e-34 2.560412155289379511e-35 2.865527065284780952e-33 2.463339634700782909e-33 1.040191897146809673e-33 2.629773378955341748e-33 5.416692045716130744e-35 9.046907223127178577e-35 8.289924709452646492e-34 5.807033205045759738e-34 7.433236484134897611e-36
1.020896429999999973e-02 1.534457604038605581e-36 1.209101771468292287e-34 4.123288247898269382e-35 5.935044698050374867e-35 8.226121067332135006e-33 5.166259903783126260e-33 4.005595370858490392e-33 6.684480421803453937e-34 1.122304654498311804e-32 1.191430158400596088e-32 9.079039221010435945e-34 1.845514796641441099e-33 9.864622359997779239e-34 1.251377591557603061e-33 1.156634992509028856e-35 9.568221109043231765e-37 4.655554912171294608e-34
1.077612900000000061e-02 4.960126075701546312e-39 8.658824380991403213e-36 1.603044578662038728e-33 2.255873600450687584e-33 1.946175207640969063e-34 1.172168532670922147e-34 1.194433744407970949e-33 3.581066236393313894e-34 5.086463297039664726e-32 2.601830240915741363e-32 9.401202159670148189e-35 1.026596432553174328e-34 3.781524500860111939e-33 5.120532602512060559e-33 1.900674567637112909e-33 1.146572195583211765e-33 1.606500011122381757e-34
1.134329360000000016e-02 1.571862806979336758e-34 6.488700949282468659e-33 4.045968272297996948e-33 5.553733877889322031e-33 6.767248395014395566e-33 3.735042292688274701e-33 5.356908503756879708e-33 2.164954841281572727e-35 2.498892794472390031e-33 8.342270716718307361e-32 9.379561577424290769e-34 1.594317223961487275e-33 1.935086124219286868e-34 4.703157639017217818e-34 3.164616594840562696e-33 3.936733446757203950e-34 1.075163761683005507e-33
1.191045829999999930e-02 4.899601161100034695e-34 2.167748153601142911e-32 6.372000952378704924e-33 5.159145722852696076e-33 1.262169540326140063e-32 5.045479539168910898e-32 1.069025272931222052e-32 1.117717058242038879e-32 6.202474996428263134e-32 2.439027724530239092e-31 6.161649802449923701e-33 9.467624371683342471e-33 2.857467827200252775e-33 6.804950529696812109e-33 4.518722352479039055e-34 1.545468707202550944e-32 1.105016332142174036e-32
1.247762300000000019e-02 1.548160010939728995e-33 4.145466205504692935e-33 9.538938294585577229e-35 1.991042111998128741e-35 1.041467878837002110e-32 2.363302819333290764e-33 1.824737021802353817e-32 9.514478839690017526e-34 7.505019661117470711e-32 2.648884646987162485e-34 9.772767757353729964e-34 4.840441512229012151e-33 5.184155285290872300e-33 1.104165649221325754e-32 9.386685400693282568e-34 7.580915346427824076e-33 3.430266199640277433e-34
1.304478769999999933e-02 1.573649167558029371e-31 2.723808390338837681e-32 3.928210713999252682e-33 4.753585769238984846e-33 3.731628702264830698e-34 5.053901284978372088e-34 1.954619913638398043e-32 2.348288500821108801e-34 4.355918811394451058e-31 3.360340936052564803e-32 6.446516561668033806e-33 9.866888980016221250e-33 2.350708138474664136e-33 6.428381717380635223e-33 1.539896393345119318e-32 3.295250131852348459e-33 1.656157352486629719e-35
1.361195240000000022e-02 3.162448849623729054e-32 3.181230108306321417e-34 1.554427269953681126e-32 1.029812223464689578e-33 2.325890193041811162e-34 1.424577500869001044e-32 3.958076494813146307e-32 2.036250102587179585e-33 3.485782193053244935e-33 1.053703362142827790e-31 1.079879696218838315e-33 8.576712428521433691e-33 7.927891199123369622e-33 6.179831668546442871e-33 4.603235153826337147e-35 6.402473730240703630e-33 8.404853461405053467e-34
1.417911699999999976e-02 9.966514537066412643e-33 2.012913982331697100e-33 3.301571473808857502e-34 1.302177537856887739e-33 1.822931699711414405e-32 1.940701773255269450e-33 3.457371430321118898e-33 3.539670327231232608e-34 7.008985301193380949e-33 7.438711931181470652e-35 1.171864570359421085e-33 1.349768503186356789e-33 1.436936325363145882e-34 8.521006551037381128e-34 4.118330843348168830e-33 4.136783441216389337e-34 4.830231028825701005e-35
1.474628170000000064e-02 6.034869383300550699e-32 9.605603717290496404e-33 1.748982772785004891e-32 7.031782389182234414e-33 3.716941958468130463e-34 5.220075986474250130e-32 1.574085706797868504e-32 1.700847033830002650e-33 6.857815812372123123e-35 4.286789492725845127e-36 3.343642764917247815e-33 5.779592696665950372e-33 8.530586139043770467e-33 1.604925474569518445e-32 5.517977798369854529e-36 5.108583104398263868e-32 1.549615896662410232e-35
1.531344639999999979e-02 4.629222783485267264e-33 3.669942581960456121e-32 8.284432375419588498e-34 1.414077203157828421e-31 5.119726692004911177e-34 2.630282184736115728e-32 5.698046917505852550e-35 1.523294282286864222e-34 4.973011209945318096e-33 5.036292995266834006e-32 5.583180064334940204e-33 1.389381805752729859e-32 8.793644564960309814e-36 4.434638927534721283e-36 1.058964440913677866e-32 2.185280255967747429e-33 1.670884194234740520e-34
1.588061110000000067e-02 1.487704707424622180e-32 1.181970033740299140e-31 2.863300325271088264e-32 1.180532197267812524e-31 2.104161369662379148e-32 7.261485703327567050e-32 1.800151558290609972e-32 9.814417565760538787e-33 6.016689403903428620e-32 2.454208453449792654e-33 2.410622232838281500e-33 1.196626145236596623e-32 1.878477830376132657e-32 3.909122869058451171e-32 2.459301707128814587e-32 1.342832895460445814e-33 8.121452728671440819e-33
1.644777580000000156e-02 5.649793801858822512e-33 1.187730808033032952e-32 1.039679357876777846e-32 1.408743233565932402e-32 1.018244167976254435e-32 3.731980079916996893e-36 6.042628587049761729e-32 1.864019787358455906e-32 6.474110232168949689e-32 4.690322093702849497e-32 8.394161001090664621e-34 5.025098837169054865e-33 7.084120489330920850e-33 8.020609176202642199e-33 3.981230886117326109e-32 4.579085767027260030e-33 1.459494646213901547e-33
1.701494049999999897e-02 4.166331440920967212e-32 3.517294586272915244e-32 2.631481953341139026e-36 1.678822538524507122e-32 3.134713539129515284e-32 2.827995179306598438e-33 3.709045400822107771e-32 2.679483641801932966e-30 1.513802618920832056e-30 3.205898526324195491e-31 3.698335150210752522e-32 9.906756244869966215e-37 2.617337029568299785e-32 4.277810662912016409e-32 2.261377230075391886e-32 2.780450818669338507e-31 1.181037792805152081e-31
1.758210509999999852e-02 2.388043600033291714e-41 1.406371015954800964e-33 6.295105526373801257e-33 1.417682299988095867e-32 3.582797931948761073e-32 1.637014664809260881e-33 9.623223405162569649e-34 6.209160698459835311e-31 2.585627232976000080e-30 1.536309768905872358e-30 5.738733460930172568e-32 2.884908086419863514e-34 4.480683483028293563e-32 6.445196911970137282e-34 1.017057300653440850e-32 5.822465326152347808e-33 1.560424889682292576e-31
1.814926979999999940e-02 5.559920613117029719e-35 2.622492487283694423e-33 1.249765613743129452e-31 2.404297551644786371e-32 1.018185946728436719e-31 8.301991152538548072e-36 4.414908699228852268e-31 6.073648811439462715e-32 3.474628630442635109e-32 1.671760993207898411e-31 1.048846986123719403e-31 1.222204052043608400e-31 9.267726014192217026e-33 3.449218738981154527e-32 9.768781431326768768e-31 2.746902777694202319e-30 1.862615276760205975e-31
1.871643450000000028e-02 3.933828466970243784e-31 1.073911958642809169e-34 3.045123434447467929e-32 3.572185092961152481e-32 7.477246080453419466e-32 2.561225526752028793e-34 3.371528102789755214e-32 3.155412521495107151e-32 7.618449788233498046e-33 1.101344617337599063e-31 2.637032346676163132e-34 4.689229089370111469e-32 1.104441151830415945e-36 4.595071491255442524e-33 1.242531684114170855e-31 1.955848993060788710e-31 9.185439804923854262e-34
1.928359920000000116e-02 7.869256197975913126e-31 1.546296237580307864e-32 5.953363065086813029e-33 2.149406845357486659e-31 5.177817233887768794e-32 9.122520212888222499e-31 3.169758441995220236e-31 3.934300858932435369e-33 4.257090708683530993e-32 1.232711148839211518e-32 6.492958189611761747e-34 4.883264543997102558e-32 1.318699619394366157e-31 3.734976454138856713e-31 8.546274756190610783e-32 1.352173919113320914e-31 1.475588303875166665e-32
1.985076389999999857e-02 6.829151120637564613e-32 2.388190015536200562e-32 1.314900713028667381e-30 2.905091994484834382e-31 2.544618184334311941e-31 1.505368840596061062e-31 2.222721491276932680e-31 6.180193275837219038e-31 9.740995285231635929e-32 2.817519511650672596e-32 9.732750394650926068e-33 2.997908280498629124e-31 4.609519318652539974e-32 2.965507874826353048e-31 8.420226763740825281e-33 2.451906106975429350e-32 4.923919181673911990e-33
2.041792859999999946e-02 6.793076506110922489e-31 2.632385688338179326e-33 2.420333451056548326e-31 3.556262585295277321e-32 2.139298977272458167e-31 3.059372636652604082e-32 1.799538373401564997e-33 4.728104135268086261e-31 1.530644243062509381e-32 2.122633032205687044e-32 5.518513813301832542e-31 8.977258484835635781e-32 3.234489555857438952e-32 3.754565767171667035e-33 8.504155741885609361e-34 3.159359157805612800e-32 4.090457995457136469e-32
2.098509319999999900e-02 1.063537632747665471e-32 3.278129059226928206e-33 1.413517799475843148e-29 9.621045822727676644e-30 3.487372359859580718e-31 5.965240115665108077e-31 1.566816384002546038e-31 6.819478759648317642e-31 1.120219949288509014e-31 3.886342501002927255e-32 1.677168967670253505e-31 7.834735658955292095e-33 1.458699159249165721e-31 6.471420441174644877e-32 7.229539865716751271e-33 6.173555852012840649e-32 6.167140166744048691e-32
2.155225789999999988e-02 6.855479240100727382e-32 5.570129596366216771e-32 1.397118789978707403e-33 2.976484754625589317e-31 5.392094751446863738e-31 9.075062288007779635e-34 5.657351467288267355e-31 2.121283632227318578e-29 4.264087540144845277e-31 2.220408254204027627e-31 7.583810990737274701e-31 1.068255846845486512e-31 2.009021912234223291e-31 1.120281253206994942e-30 5.888521907952912212e-32 4.097757606998519516e-31 3.292192484497955794e-30
2.211942260000000077e-02 1.289156530477009231e-31 2.391289796326108205e-33 8.090795782062233889e-33 6.847820941409619008e-32 1.217420226037087261e-31 3.672258787616145414e-33 3.093792779534015384e-31 1.984241084146762033e-30 8.396962657137986629e-31 1.428407386255904831e-30 1.301529137629343654e-31 7.621983581504865732e-32 1.093973954487395286e-31 1.861092157734648513e-31 2.691681713426596802e-31 1.117961497698583796e-30 4.440270328653794934e-30
2.268658730000000165e-02 2.662927753389304966e-36 1.010920297609329933e-31 5.644188351146718971e-33 1.582842703055951713e-32 4.034208023881395620e-33 3.119710076721058067e-34 1.424418791971825434e-30 2.026460783785768831e-29 1.901669890345733241e-30 6.589329958386578289e-31 2.451363137158201722e-31 8.570418884807244168e-31 7.968053542430781301e-33 3.289091449954909658e-33 5.280205099946642293e-31 4.218780562588550450e-31 6.305740841629226608e-31
2.325375199999999906e-02 6.390437970979332284e-32 5.914033758053084090e-31 3.440853438451193439e-31 3.906709449355571185e-31 3.037284875020537592e-30 8.851566824616472343e-31 1.463441971311591990e-29 3.744436674428485207e-30 6.440495791946397736e-30 8.616242871813889896e-30 2.061768347969706692e-30 9.736291927823841602e-30 4.631800999158304694e-30 5.074233769060102661e-30 3.066236764597267420e-27 1.031724141395012472e-31 4.880906384694977604e-31
2.382091659999999861e-02 5.121323327674434596e-32 3.566650594431874475e-31 1.772793804484315955e-30 1.992830965302034826e-31 2.544933085542104588e-30 2.998068654529296523e-29 8.337007443651114495e-30 3.567438400599899748e-28 1.660894945698942354e-30 8.266295587828379091e-28 3.873726167787592916e-30 5.222761710039089904e-26 1.859787435921312867e-30 5.112826181508002633e-30 1.046551871073860401e-23 1.788291240693895008e-29 1.074142551088386312e-30
2.438808129999999949e-02 2.444502546947367404e-31 2.238858878582088702e-28 2.263047397649498759e-29 1.144249114057987496e-26 1.704690241356103647e-29 1.314593900763979762e-25 6.523027844306559817e-29 1.925027278369942291e-24 6.331739779242852921e-29 2.533620619913832294e-24 2.105280522582199239e-26 1.441457795176533811e-22 7.666539078376639499e-27 1.397219279076171642e-31 2.631736916547705363e-20 5.516507066324591477e-26 8.154476098453207394e-30
2.495524600000000037e-02 1.003457814656951388e-29 8.241842671825967133e-25 1.168563640295826005e-27 3.141380309956611281e-23 1.740426007276094330e-27 3.189484383136339286e-22 1.764665093276043183e-25 4.443061512639511850e-21 2.112728913607695474e-25 5.810171533815154216e-21 4.409422370123982086e-23 3.033455882459355521e-19 1.517921883275713597e-23 2.968487484846110112e-27 4.871507318244947253e-17 1.026160096902386347e-22 2.387575163527940927e-27
2.552241070000000125e-02 2.518705886188811455e-26 1.624373726896645769e-21 2.624057245960196926e-24 5.879939655063593837e-20 2.238202444280866085e-24 5.696452824586535735e-19 3.063135915506255756e-22 7.531487688053483074e-18 3.606064014236304880e-22 9.708110972834603293e-18 6.720837397056536752e-20 4.619983433145916900e-16 2.265132496880421142e-20 5.102446762842271463e-24 6.374568149957826018e-14 1.342391217985707971e-19 2.738081717367834763e-24
2.608957539999999867e-02 3.621760395018653264e-23 2.347288051378351584e-18 3.536748965440091110e-21 7.949680562620828179e-17 2.883968840986823393e-21 7.267563129707092330e-16 3.675566638869220719e-19 9.038184215346541567e-15 4.254440563365939514e-19 1.145478614561953035e-14 7.097148425537874849e-17 4.878732886070976429e-13 2.338268224324789242e-17 5.271841321055398828e-21 5.601743900135956735e-11 1.179677216658260003e-16 2.241863795877843381e-21
2.665674009999999955e-02 3.674609901538596741e-20 2.381127234101939648e-15 3.313783645001303766e-18 7.447231585881792658e-14 2.519951698010042439e-18 6.348846792750045996e-13 2.981179475541683917e-16 7.330629933744103429e-12 3.380182822646644823e-16 9.101152899527159153e-12 4.921445575304105265e-14 3.383109298248614106e-10 1.576516768108595950e-14 3.554589886299327441e-18 3.088304422886020934e-08 6.503697812494145106e-14 1.118640909506806927e-18
2.722390469999999910e-02 2.503134054144176583e-17 1.622013651189123182e-12 2.047412488951622216e-15 4.601250672596583992e-11 1.428058958237655714e-15 3.597909613757675613e-10 1.539959187988605722e-13 3.786711148096654930e-09 1.701477146061866771e-13 4.581232839446062522e-09 2.084594970924292169e-11 1.432996188177686571e-07 6.441292176951508447e-12 1.452321979995289849e-15 9.703815459113219102e-06 2.043538334305025955e-11 3.075954670347080324e-16
2.779106939999999998e-02 1.083885721396687076e-14 7.023504991545978532e-10 7.837346982223387003e-13 1.761325505272681051e-08 4.894650185394039618e-13 1.233177907568428366e-07 4.681259161045186756e-11 1.151106895551372499e-06 5.000282648287940514e-11 1.346327762908729392e-06 4.871164140070679064e-09 3.348544796490874730e-05 1.433576315880742987e-09 3.232293033746133907e-13 1.498880036814894410e-03 3.156509751053255085e-09 3.915772732298357870e-14
2.835823410000000086e-02 2.785096190196604493e-12 1.804723194477454230e-07 1.713175897556496847e-10 3.850104394638566542e-06 9.229846147669325662e-11 2.325404604844270580e-05 7.493980627983137542e-09 1.842746255008821058e-04 7.638613709989799763e-09 2.056699282429146471e-04 5.370669059713346356e-07 3.691915405765164998e-03 1.471533625396089934e-07 3.317875572997780514e-11 8.737201128920323023e-02 1.839977841897018048e-07 1.646862365207157029e-12
2.892539879999999827e-02 3.887307676355540857e-10 2.518948669612115112e-05 1.912967692494934005e-08 4.299106313687806979e-04 8.350983383887846285e-09 2.103980371092689216e-03 5.324955217661350956e-07 1.309389731544257501e-02 5.056222179534300189e-07 1.361389503608201497e-02 2.110764123237499822e-05 1.450985435521357503e-01 5.119926619963436442e-06 1.154392890187929058e-09 1.000000000000000000e+00 2.105912196012040376e-06 8.103967782456320929e-12
2.949256349999999915e-02 2.621703193678599671e-08 1.698845658540352717e-03 9.267884464939734983e-07 2.082817225035964864e-02 2.907068192400821076e-07 7.324184625895506506e-02 1.232145231141681900e-05 3.029806350596201958e-01 1.030405303645493933e-05 2.774369707881003677e-01 1.454710758331865356e-04 1.000000000000000000e+00 2.587693029522490572e-05 5.834486808216691076e-09 1.304014762409587413e-01 2.746140591969757141e-07 2.227459648458956220e-11
3.005972809999999870e-02 7.283742748823328825e-07 4.719815262381660964e-02 1.488121074732958142e-05 3.344327628414729969e-01 2.498108161366708217e-06 6.293834259848293256e-01 4.066745819813005433e-05 1.000000000000000000e+00 2.353741102222022148e-05 6.337455748062242877e-01 3.643805757499320012e-05 2.504831793254805872e-01 2.245062797076646853e-05 5.061956397757264639e-09 5.247909433874395867e-03 1.105163647950751542e-08 2.741491592888660656e-10
3.062689279999999958e-02 6.691365531904451204e-06 4.335958895461435314e-01 4.449686873085829578e-05 1.000000000000000000e+00 8.630585280572535586e-07 2.174424396878291699e-01 1.980246142490743271e-05 4.869362950582400429e-01 2.851850587776528985e-05 7.678617194998591522e-01 3.138690263741808642e-06 2.157604352456645586e-02 5.640343063388951830e-05 1.271731495508988149e-08 1.294072670537351128e-04 2.725203410284702280e-10 9.863986318571785114e-09
3.119405750000000047e-02 1.543226237396797424e-05 1.000000000000000000e+00 3.577715969495473060e-08 8.040376936565839542e-04 3.969135598323131632e-06 1.000000000000000000e+00 1.478759335766487431e-07 3.636222671550137699e-03 2.323954767892802577e-05 6.257255943366970552e-01 2.063715478817428366e-07 1.418643168131269354e-03 6.519598089403079921e-04 1.469977647756512785e-07 2.750113564756187193e-06 5.791497672588870681e-12 5.531928792302320852e-07
3.176122220000000135e-02 7.293722731251934406e-06 4.726282222705230907e-01 4.423471658013639833e-05 9.941085258645258049e-01 9.125908897263594886e-07 2.299218223171333453e-01 1.348657789584031146e-05 3.316307065703185675e-01 3.380289822677478494e-05 9.101441592297779826e-01 1.464814073557828394e-08 1.006945239738228756e-04 1.171636561530009502e-02 2.641695903733610271e-06 6.767778537094408324e-08 1.425234618175192593e-13 3.562236596071044448e-05
3.232838689999999876e-02 7.838547877004405766e-07 5.079325174380822788e-02 1.431812587045191347e-05 3.217782796506927778e-01 2.267087164873475082e-06 5.711790661953456416e-01 3.853492858608104863e-05 9.475617679214229927e-01 3.714015838432669085e-05 1.000000000000000000e+00 8.192019922320860568e-12 5.631374095597469233e-08 1.746601394586363154e-01 3.938072522676022263e-05 2.858349016860845788e-09 6.019431203511479282e-15 2.055953823352009956e-03
3.289555160000000311e-02 2.459365877505240030e-08 1.593652193076870770e-03 7.438928230493422062e-07 1.671786901499470665e-02 2.058138202291362308e-07 5.185356234850982404e-02 7.840597521849271395e-06 1.927978258136768819e-01 1.011126748130695898e-05 2.722462132950730918e-01 1.627378250860073201e-08 1.118695416937781265e-04 1.000000000000000000e+00 2.254705930552108374e-04 2.069234481408457179e-10 4.357632929385499675e-16 7.763305382294040380e-02
3.346271619999999919e-02 2.803881961013570961e-10 1.816896249201345418e-05 1.129083854862106243e-08 2.537445637785662868e-04 4.128750471591009593e-09 1.040214013547427312e-03 2.195566257624563913e-07 5.398828338202716313e-03 3.132270361423829044e-07 8.433648367568418597e-03 1.121524906308279303e-09 7.709607579349479355e-06 8.464344784378567688e-02 1.908460838384481691e-05 2.533308781507481303e-10 5.334917482752506863e-16 1.000000000000000000e+00
3.402988089999999660e-02 1.369385430876286092e-12 8.873523561497651773e-08 6.615463045583114658e-11 1.486725522813790644e-06 2.861758207687129389e-11 7.210028779444031507e-06 1.837274259299111626e-09 4.517799589668689930e-05 2.767341998814009424e-09 7.451077522066243332e-05 1.455131124733248958e-11 1.000288966488070628e-07 1.196621166249420189e-03 2.698028840220885812e-07 7.244790367404255783e-12 1.525699341704816108e-17 4.407526592450061037e-02
3.459704560000000095e-02 3.237795806835970654e-15 2.098069456649524365e-10 1.771988609374480902e-13 3.982277111785444716e-09 8.572945359989526618e-14 2.159902438626604059e-08 6.215721083807734252e-12 1.528426255585862305e-07 9.688790456298297592e-12 2.608710056742937319e-07 6.428968879439561880e-14 4.419413781501230788e-10 5.555128807765724105e-06 1.252518186662431833e-09 4.877102449009328144e-14 1.027118472828957238e-19 3.614051738204884659e-04
3.516421029999999837e-02 4.066055835239037675e-18 2.634777817978362930e-13 2.435055212508353095e-16 5.472414394977302189e-12 1.275511186032988828e-16 3.213575572817761103e-11 1.006715276456635113e-14 2.475481529323648543e-10 1.606762061564634022e-14 4.326212128531993748e-10 1.247433420768734957e-16 8.575134827767753189e-13 1.113637451548703943e-08 2.510924961339924029e-12 1.237956224186120710e-16 2.608646739061259026e-22 1.032890478031682070e-06
3.573137500000000272e-02 2.914092304270074973e-21 1.888309271042908131e-16 1.867324848899958751e-19 4.196534105884162823e-15 1.037601819233551805e-19 2.614200110480990482e-14 8.716688619106343495e-18 2.143407186939071524e-13 1.415431079673147831e-17 3.811051226927090209e-13 1.230551995679079063e-19 8.459104142821151762e-16 1.124359073206908609e-11 2.535099046243247833e-15 1.473319204864292051e-19 3.118423861467628058e-25 1.332205156933265559e-09
3.629853959999999879e-02 1.260692292489903377e-24 8.173221286066084156e-20 8.520614695073955713e-23 1.914026833282665436e-18 4.954083892810664164e-23 1.247669207114760085e-17 4.363281923066904531e-21 1.072849897779755457e-16 7.177893297566351374e-21 1.932717269744157938e-16 6.797999151559551301e-23 4.671676498921031710e-19 6.318015591966071000e-15 1.424526328857707612e-18 9.349670886735760088e-23 1.649287251736932294e-28 8.960089534790535348e-13
3.686570430000000315e-02 3.436002175565043992e-28 2.236326874469127396e-23 2.434744899023470884e-26 5.458565724667478975e-22 1.467129417304432805e-26 3.687875258182231689e-21 1.339096358423141062e-24 3.291874880343394479e-20 2.224902368903904885e-24 5.991329359964433254e-20 2.252121038425281185e-26 1.547493790778093291e-22 2.121128132977536330e-18 4.782556143765309818e-22 3.452380693423679721e-26 6.687907189389682493e-33 3.451483708277338459e-16
3.743286900000000056e-02 1.637111758194366485e-31 3.893555613856719932e-27 4.151911616246599591e-30 1.011842277635778120e-25 6.223224482608021094e-32 7.065224657940655444e-25 2.241388845571262565e-28 6.479435670981823575e-24 4.418204610350069719e-28 1.189730548333472640e-23 8.062704471830836291e-30 3.282579309668625875e-26 4.488604561295596646e-22 1.005061562990060589e-25 1.866087204551407535e-30 1.326429620775010090e-30 8.138972793586500911e-20
3.800003369999999797e-02 1.362785049876532468e-32 6.353592905011798442e-31 3.461789596806044303e-31 1.909946263077968224e-29 3.901321485818501273e-31 9.284157778637377176e-29 2.108267944163624482e-30 8.700778437139042443e-28 5.406819348907811165e-31 1.534094817599499385e-27 3.961166971615743931e-33 4.241251371272216208e-30 6.239974893553933915e-26 1.401251960170185746e-29 3.591640529090528256e-34 2.643577728043231001e-33 1.235198021982609383e-23
3.856719840000000232e-02 4.007345287891229252e-31 1.422065631867737746e-33 5.970838981045819917e-30 2.979020325158301721e-30 4.869551565059637478e-33 2.424958889975570152e-31 2.621020428121304315e-32 2.663287586440390395e-32 1.471728998510624713e-33 2.530548832634837813e-31 2.228515917753999190e-31 5.327412954576790575e-31 6.429963820728438429e-30 8.206047948402261274e-32 6.526481175708805815e-32 9.182318437059310686e-33 1.244268527705046708e-27
3.913436309999999974e-02 3.639324961677140749e-31 7.561845532146754440e-37 1.307206889969903787e-31 6.635199136737937737e-32 5.746999133153080920e-31 4.866313425785401762e-31 1.706120674824641178e-31 5.321563158688967805e-33 1.554944211562201913e-32 3.370012606217338992e-31 4.877116169129305482e-32 4.287225207649867256e-34 1.790420250933639915e-32 3.381231109770031656e-32 3.195657033742054452e-30 6.715185765785561877e-31 3.899198484097513360e-32
3.970152770000000275e-02 1.276515220517369929e-33 9.160673991589365728e-33 4.234215028194852496e-35 2.091861108073686171e-32 1.858780504997934714e-31 2.350713430716176629e-31 8.172308686111766844e-32 1.039286997567330853e-30 1.777550881883698566e-30 8.512566641692298821e-31 2.397995274286323065e-31 1.248716336852573091e-31 6.984005272941590194e-32 2.638805694803219146e-31 1.771939453971101412e-32 8.688839249028619279e-34 6.661282139374481331e-31
4.026869240000000016e-02 3.166056037967254646e-33 1.279984926891707274e-33 3.013974069678953213e-33 2.105506776248442316e-33 5.951805902060760954e-34 1.258019217473770281e-33 2.121536156278931349e-33 5.679250737721485089e-34 5.426988118382659598e-33 2.263894469143147692e-34 2.295047459884327501e-34 3.874807762337604418e-33 5.320893521417210216e-36 9.785102410420622784e-34 9.839986927106181962e-34 2.696381702788173597e-34 1.054074079678620853e-33
4.083585709999999758e-02 2.677616077747124019e-32 6.593252496499561231e-33 2.292153749166475157e-36 1.173240707982355805e-33 4.134717539476492022e-35 3.628541401258259461e-33 1.346288927890825938e-32 4.179100678542382905e-34 1.592131680038950474e-31 1.541822764031701422e-32 1.652689895864988067e-33 3.281810626710089882e-33 5.697321621543417419e-35 1.833468740088088527e-34 1.226452920117177501e-32 1.028568786791628710e-33 1.234492439996471485e-33
4.140302180000000193e-02 2.032289157104596381e-35 2.127890881770543740e-35 2.847326987365153352e-34 3.785703095421693957e-34 4.925492164600525226e-32 3.330300109556550552e-32 7.006381814641611525e-33 1.020217148590255680e-33 3.905591961480168512e-33 4.310681846717117839e-33 5.870962592874342241e-35 1.676131425717158704e-34 4.743754803683595587e-37 4.207990043100603024e-38 1.110263858672880424e-34 5.773431834456223373e-36 5.482064617984847625e-35
4.197018649999999934e-02 1.691935748897738678e-34 6.626113946834128355e-33 4.200386018946892913e-33 5.883580659966341174e-33 3.815481419906368749e-34 2.616432352297791097e-34 3.659877134977903535e-33 5.916353029543005238e-34 1.283280359857002599e-32 1.011530713935208363e-32 1.358627199139063713e-34 1.641646200101263627e-34 1.532181407397119769e-33 1.652887283780542063e-33 4.447464410183764336e-34 3.807970371032219714e-34 1.477967228039319385e-33
4.253735110000000236e-02 3.692195212590354991e-33 1.446432016037567685e-31 2.871767214457615998e-32 4.007251883399450655e-32 1.423662542090921019e-34 1.656024650782150508e-34 4.941846774165697004e-33 1.786221918978467013e-35 1.835915100423633296e-31 4.474132487549454879e-31 1.883585017662170926e-33 4.115278656287383470e-33 1.409916062124642807e-33 4.383010713832317770e-33 2.042860327582775096e-33 2.340428216731399459e-34 2.836519213891347502e-33
4.310451579999999977e-02 1.519569992022225737e-33 5.895452078452729713e-32 1.050325004260480442e-33 1.501807367711019751e-33 2.966944601055285779e-31 2.198968107784137416e-31 1.817823407731406687e-32 1.081263886544191688e-32 1.474899659322767107e-31 7.905488464716847113e-33 4.135380277087757103e-34 8.454837453694537062e-33 7.210938064453264996e-34 5.549349837372572813e-34 2.070286868529528738e-33 1.114587640723439639e-32 9.659638190446773707e-33
4.367168049999999718e-02 6.289363644832629747e-34 2.504751921007287028e-32 1.541963680702640717e-34 2.314369266466833593e-35 3.989205151199387383e-32 3.608372300065665596e-32 7.203904806726180134e-33 3.402590157928853974e-34 2.318740553377221185e-35 5.569222866004808383e-32 1.846451196546794364e-32 6.904460759777367109e-33 9.582684070499822421e-33 2.594693471463343191e-33 4.169923440271485762e-33 1.904211552240490607e-32 2.020095947839958770e-33
4.423884520000000153e-02 1.922059560569048182e-35 9.324260106980329575e-37 2.741351904044924210e-34 2.341079390496416528e-34 1.204005841494655954e-34 4.760233331201678394e-34 1.151208192271740254e-31 1.620296884347839997e-32 2.182936610360063802e-33 4.797718964980357250e-33 8.967508802427261782e-34 2.791660501929415487e-33 4.589295983398281727e-34 1.149213667672562343e-33 7.157097807448306984e-33 1.833045868794088647e-33 1.176647310542294809e-33
4.480600989999999895e-02 1.918828655702683088e-31 5.247376146488265562e-33 2.289265611686869789e-32 1.337308096929819346e-32 2.379844658531616450e-33 6.324643183080207945e-34 6.770475121115670037e-34 8.330270583722901882e-34 5.413608284059109282e-32 5.115388663755004120e-35 1.916074042859606532e-32 3.377083864692430101e-33 3.473550566665862709e-33 2.971799909799412861e-33 7.555881178932882795e-34 4.253837729467948370e-33 5.276814565940923172e-33
4.537317460000000330e-02 3.274358270359858169e-33 3.654763112658923570e-33 6.784866868637332736e-33 7.325480340411150308e-34 6.439902265208291619e-32 8.029537821408888715e-33 2.121284535933831121e-34 2.536124784017974321e-33 7.132558048138539121e-32 1.216948350156934542e-31 1.777843512537635833e-32 3.038579570405311939e-33 4.922917464213572581e-33 5.595413437189292464e-34 9.327837823167501005e-33 2.136977820378693290e-32 1.191386760244424854e-32
4.594033919999999938e-02 2.425683371205483294e-36 8.952117072215598825e-35 1.646404234188782658e-34 6.888348866597980038e-35 3.760755792217005456e-32 9.459313683513248571e-32 9.965450122901034748e-33 4.545534171900381168e-33 1.603339773019537843e-32 2.665749251116014859e-32 3.992766732661229795e-35 1.609374248669099286e-34 1.878560024809304195e-34 3.884576339971007855e-37 7.303903667210832527e-33 2.543640692831239985e-35 4.224459233896637511e-34
4.650750389999999679e-02 8.678684821183950112e-34 4.829475460060937637e-32 1.847119311891549273e-33 3.201024811435344529e-32 1.077205065145777227e-31 1.364657999325932664e-31 1.452875198748604342e-31 1.466174228592159879e-32 3.578813252122244357e-32 7.997092109004247995e-32 6.683834362205146912e-35 4.049981590119989221e-33 2.963098938007611082e-32 7.116564811242511894e-32 9.087099062875993482e-33 3.728857229621981095e-34 4.655820693677781591e-33
4.707466860000000114e-02 2.115857588138184309e-32 1.119209798926084413e-32 8.167177206482215133e-32 1.459982150665751164e-31 5.767553829458302828e-32 1.044824031151643027e-32 3.658148009330562897e-32 9.955478755338177584e-33 1.897380428127675973e-32 1.120846658211212506e-33 1.029782670378588094e-33 3.179793839048501055e-34 5.897658025686727471e-34 8.500196249849243028e-37 9.870754643462340839e-33 2.030359427145877730e-32 4.024731811314244357e-34
4.764183329999999855e-02 8.804681639228418566e-33 5.814876290052302874e-33 5.156555055458160177e-33 9.363756573412754668e-33 2.475377902812346305e-32 2.000495732488124010e-32 3.656959697031983389e-32 1.629272835085369983e-32 1.918896471606737692e-32 1.860848026697420085e-32 5.565785689727258341e-37 5.062028575924864306e-33 1.044706334345766713e-33 5.385345102640295291e-33 1.163101298518615882e-32 3.218181374207304286e-32 3.820658024111717851e-33
4.820899800000000290e-02 1.826667415890529325e-33 2.096482217502926489e-32 1.893119951729301516e-34 8.432569319268851017e-32 6.060293637222949036e-33 2.430936011817215214e-32 4.784091077242599340e-31 2.346929254580898332e-32 1.012893425131551905e-31 3.287983720458030672e-35 9.385685499781423289e-32 1.870954893137472665e-32 1.786908765997735160e-32 1.175337596156515396e-32 2.462522194415249786e-32 2.871917803333938255e-32 1.161410499341725661e-31
4.877616259999999898e-02 3.002263903166926534e-33 5.566407055005633975e-36 2.881794384716006875e-33 3.729230296253398457e-33 4.970142086945668936e-33 7.425721816836685131e-34 4.504720599219688769e-34 1.821464070411405036e-33 2.339349902649149695e-34 6.543324080831032943e-33 3.821736207358973582e-33 1.352221632948462815e-34 2.154306581732758720e-33 3.820957882255386681e-33 5.872320196386571075e-33 1.117385941292313812e-32 3.813777198254927439e-33
4.934332730000000333e-02 3.982820744320927909e-32 7.270218302922838120e-34 1.589788411139729470e-31 6.480282667189959196e-33 3.210049656303636697e-32 4.709905155365298191e-33 1.127010948121836136e-31 9.635076153646755757e-35 4.264140569548389388e-33 2.201615754932078890e-32 3.645793196810695322e-33 2.153422117685162974e-32 3.446442259389119383e-32 2.204673313579633553e-32 2.242718233651855972e-33 2.028279277794918096e-31 8.519152426077506748e-33
4.991049200000000075e-02 1.129950480627733767e-32 7.376057508335844098e-34 7.353111629585791496e-33 2.219754362202151132e-32 3.476871521735850555e-32 9.486699727301897628e-32 3.689167886646446760e-32 1.366872231484922510e-32 5.455768505226475693e-33 3.475310710055700690e-34 1.029628985364417053e-32 6.534777802333051171e-34 5.253478376313607013e-34 5.818117730229495367e-33 3.720785411742228004e-33 6.672012523342253079e-33 2.690614369167291842e-33
5.047765669999999816e-02 7.782769207174640310e-34 1.102455518485980493e-33 2.557465780125124218e-32 2.632812176586969617e-32 6.297087613364210096e-32 5.875494804895387211e-32 4.071728492583369689e-32 1.607064798937586389e-32 6.174720445988980158e-32 2.606869903739094027e-32 3.823661268746055416e-32 1.527982007962728744e-32 1.045643675663187920e-33 5.935227651746535710e-33 1.043096629036416558e-33 1.737190006442554369e-33 1.222300192717607267e-32
5.104482140000000251e-02 1.717639084132321923e-33 1.220823263841247972e-32 1.928119805593393755e-32 1.015406336934863686e-31 6.292706716787121179e-33 2.625680774632979812e-33 1.448404187806061409e-31 1.490728193211539024e-31 6.093588067840100494e-32 3.325584900419762343e-32 3.346674949336189552e-32 1.848902935824758931e-33 2.715905609361742308e-33 2.306974981971051153e-33 1.308663844960734803e-32 2.697255527586803432e-32 9.040254541475039204e-32
5.161198609999999992e-02 1.093889038308690670e-32 1.012399779865285028e-33 4.434810178886740015e-34 1.781995709383613861e-33 2.760075017271340300e-33 1.552806253728900804e-32 1.876070508745350652e-32 6.060810710441677083e-32 4.680414661710814854e-32 1.997027628180613684e-33 2.968942303941267448e-32 2.267330622686549328e-33 2.695164198518520323e-34 1.112901567220544840e-32 2.428495225202316241e-33 5.457620814967441837e-33 6.452541778122280061e-33
5.217915070000000294e-02 4.940011599779790904e-34 4.715518908775430289e-32 1.627565565514009783e-31 1.694386575515870666e-31 4.961997983645153719e-33 2.168247876311568586e-31 3.585545424473442828e-32 1.067938876927858213e-32 1.421338997781140890e-32 3.689645039266445987e-32 6.521440570890160066e-32 1.179971329419871559e-33 1.160665003322035255e-32 2.201657709737321792e-32 3.392663094881796757e-32 2.962682923094785952e-32 3.471207403769272063e-35
5.274631540000000035e-02 1.510866521848326236e-32 1.713238583560492278e-32 5.515803397462843184e-32 9.983376474571090211e-35 5.035918452598190547e-34 4.865104081865542831e-33 6.426349289606697763e-32 2.571960275111428999e-33 6.831327804828226610e-32 7.579823819782589664e-32 3.255240811118918587e-32 3.344496168037694273e-32 1.189986998429870783e-33 4.118948643391793118e-33 3.695462544132085813e-34 7.157993430962913855e-33 2.189501712683748088e-33
5.331348009999999776e-02 1.741005002747138807e-33 8.396228326449632533e-32 2.855922410638907440e-34 2.630620269636663894e-32 4.845276875595071087e-33 9.488909081855448031e-33 1.582205541275480877e-32 1.135967882955799402e-34 2.627273039356171234e-33 1.901353665343010576e-32 1.168663734641400720e-33 6.423025713331045723e-33 7.641535031002310046e-37 1.093332835659389257e-32 8.484555881924557638e-33 8.189979043237469897e-33 1.856877082219557415e-32
5.388064480000000211e-02 2.164812771996433718e-33 5.786227302478563081e-32 1.311038805919265510e-32 1.221087798499691509e-32 1.200718569284299421e-32 2.907619766756286578e-31 3.536505252679201133e-33 2.037143591236616618e-32 1.837039306412033484e-32 1.001592828614171063e-31 7.079390280388221931e-34 2.653016662885269176e-33 3.559507199001578115e-34 1.068321865036030731e-32 1.198438513168805263e-33 7.564196446509979600e-32 3.295661211903729731e-32
5.444780949999999953e-02 7.003688605544927078e-32 2.217222321479144305e-33 4.741755601134919724e-34 6.196474501563579846e-34 2.141747349099002037e-32 6.326528733325492115e-34 1.488547367511876815e-33 9.424633595341655605e-33 1.676210623382406662e-32 7.283553794405376225e-33 1.369562656505678769e-33 1.187235055932081351e-33 9.079191664880919311e-34 1.424672393138921436e-33 7.669137351727884565e-32 6.389080896508809375e-33 4.978320692131103754e-33
5.501497419999999694e-02 1.142030346431847052e-33 3.587110456344453401e-33 2.190081947828247046e-31 2.499880381178151254e-31 3.368681576263898934e-32 3.146991145961027922e-32 1.035943752523581600e-32 2.409521682759264072e-34 1.772368373143017734e-31 2.027885688931654004e-32 9.071692704689587981e-33 3.116647377966583480e-32 2.685009408238853003e-32 9.549116182490108007e-33 1.462642455351810080e-33 9.201840996400387858e-33 1.789660365014781822e-33
5.558213879999999996e-02 2.792613669680736722e-33 3.322153030822963921e-31 0.000000000000000000e+00 2.071898739461585332e-31 1.047969289916407630e-31 2.138712836574656660e-33 2.530210110366029368e-33 6.325525276450534675e-34 1.467812920444437888e-31 1.826080867289213082e-31 2.604785698919054451e-32 2.672003212892296158e-32 1.877489342252626175e-34 2.098190130235120334e-32 2.491290945976966125e-33 3.773789835283048630e-33 2.165184562588772051e-32
5.614930349999999737e-02 0.000000000000000000e+00 0.000000000000000000e+00 5.508539373215696676e-32 1.326015193255414700e-31 0.000000000000000000e+00 8.554851346298626640e-33 2.277189099329426397e-32 0.000000000000000000e+00 3.126702079053240744e-32 1.250680831817582304e-31 1.096030800334118757e-33 1.157682532873060252e-32 3.923569564217732985e-33 2.213138457311551288e-32 2.122756782370906155e-33 3.773789835283048630e-33 7.794664425319578890e-33
5.671646820000000172e-02 0.000000000000000000e+00 0.000000000000000000e+00 0.000000000000000000e+00 0.000000000000000000e+00 0.000000000000000000e+00 0.000000000000000000e+00 0.000000000000000000e+00 0.000000000000000000e+00 0.000000000000000000e+00 0.000000000000000000e+00 0.000000000000000000e+00 0.000000000000000000e+00 0.000000000000000000e+00 0.000000000000000000e+00 0.000000000000000000e+00 0.000000000000000000e+00 0.000000000000000000e+00
