# x(nm) V(x) (eV)
-0.0570413068 29.1946684228
-0.0564708938 26.5199497730
-0.0559004807 24.0306860089
-0.0553300676 21.7188802029
-0.0547596546 19.5765354277
-0.0541892415 17.5956547560
-0.0536188284 15.7682412603
-0.0530484154 14.0862980132
-0.0524780023 12.5418280874
-0.0519075892 11.1268345555
-0.0513371762 9.8333756111
-0.0507667631 8.6540415750
-0.0501963500 7.5817206621
-0.0496259369 6.6093043597
-0.0490555239 5.7296841551
-0.0484851108 4.9361218362
-0.0479146977 4.2234796375
-0.0473442847 3.5870520783
-0.0467738716 3.0221336847
-0.0462034585 2.5240194439
-0.0456330455 2.0881637888
-0.0450626324 1.7104133855
-0.0444922193 1.3866741308
-0.0439218063 1.1128519213
-0.0433513932 0.8848565826
-0.0427809801 0.6989481956
-0.0422105671 0.5520084300
-0.0416401540 0.4409828135
-0.0410697409 0.3628168742
-0.0404993279 0.3144598617
-0.0399289148 0.2931064759
-0.0393585017 0.2963451774
-0.0387880886 0.3217999039
-0.0382176756 0.3670945930
-0.0376472625 0.4298545298
-0.0370768494 0.5078721231
-0.0365064364 0.5992665810
-0.0359360233 0.7021949704
-0.0353656102 0.8148143583
-0.0347951972 0.9352818934
-0.0342247841 1.0618820640
-0.0336543710 1.1932841086
-0.0330839580 1.3282296480
-0.0325135449 1.4654603032
-0.0319431318 1.6037176951
-0.0313727188 1.7417808291
-0.0308023057 1.8786923020
-0.0302318926 2.0136080582
-0.0296614796 2.1456844820
-0.0290910665 2.2740779572
-0.0285206534 2.3979482537
-0.0279502403 2.5165482868
-0.0273798273 2.6292334913
-0.0268094142 2.7353645675
-0.0262390011 2.8343022156
-0.0256685881 2.9254071361
-0.0250981750 3.0081045964
-0.0245277619 3.0821062624
-0.0239573489 3.1472031808
-0.0233869358 3.2031864016
-0.0228165227 3.2498469744
-0.0222461097 3.2869778346
-0.0216756966 3.3144420279
-0.0211052835 3.3321918687
-0.0205348705 3.3401854591
-0.0199644574 3.3383809014
-0.0193940443 3.3267362978
-0.0188236313 3.3052218060
-0.0182532182 3.2739014698
-0.0176828051 3.2328833625
-0.0171123921 3.1822758102
-0.0165419790 3.1221871391
-0.0159715659 3.0527257363
-0.0154011528 2.9741131512
-0.0148307398 2.8869187445
-0.0142603267 2.7917784806
-0.0136899136 2.6893283237
-0.0131195006 2.5802042381
-0.0125490875 2.4650374901
-0.0119786744 2.3443100606
-0.0114082614 2.2183273561
-0.0108378483 2.0873845782
-0.0102674352 1.9517769290
-0.0096970222 1.8117996103
-0.0091266091 1.6678417906
-0.0085561960 1.5211456010
-0.0079857830 1.3734076953
-0.0074153699 1.2263289666
-0.0068449568 1.0816103077
-0.0062745438 0.9409521067
-0.0057041307 0.8058454680
-0.0051337176 0.6772500784
-0.0045633045 0.5560425327
-0.0039928915 0.4430994257
-0.0034224784 0.3392973523
-0.0028520653 0.2455474190
-0.0022816523 0.1635025071
-0.0017112392 0.0955294868
-0.0011408261 0.0440241807
-0.0005704131 0.0113824114
0.0000000000 0.0000000000
0.0005704131 0.0114473472
0.0011408261 0.0441098765
0.0017112392 0.0956049187
0.0022816523 0.1635498050
0.0028520653 0.2455618663
0.0034224784 0.3392870699
0.0039928915 0.4430775825
0.0045633045 0.5560192524
0.0051337176 0.6772320631
0.0057041307 0.8058359982
0.0062745438 0.9409510412
0.0068449568 1.0816145221
0.0074153699 1.2263351569
0.0079857830 1.3734134820
0.0085561960 1.5211495319
0.0091266091 1.6678433407
0.0096970222 1.8117991782
0.0102674352 1.9517754592
0.0108378483 2.0873828514
0.0114082614 2.2183259111
0.0119786744 2.3443091945
0.0125490875 2.4650372579
0.0131195006 2.5802044626
0.0136899136 2.6893287539
0.0142603267 2.7917789269
0.0148307398 2.8869190828
0.0154011528 2.9741133228
0.0159715659 3.0527257480
0.0165419790 3.1221870525
0.0171123921 3.1822756875
0.0176828051 3.2328832486
0.0182532182 3.2739013920
0.0188236313 3.3052217742
0.0193940443 3.3267363047
0.0199644574 3.3383809288
0.0205348705 3.3401854917
0.0211052835 3.3321918959
0.0216756966 3.3144420441
0.0222461097 3.2869778387
0.0228165227 3.2498469699
0.0233869358 3.2031863934
0.0239573489 3.1472031726
0.0245277619 3.0821062563
0.0250981750 3.0081045935
0.0256685881 2.9254071361
0.0262390011 2.8343022174
0.0268094142 2.7353645697
0.0273798273 2.6292334932
0.0279502403 2.5165482880
0.0285206534 2.3979482540
0.0290910665 2.2740779569
0.0296614796 2.1456844814
0.0302318926 2.0136080577
0.0308023057 1.8786923016
0.0313727188 1.7417808289
0.0319431318 1.6037176951
0.0325135449 1.4654603034
0.0330839580 1.3282296482
0.0336543710 1.1932841087
0.0342247841 1.0618820641
0.0347951972 0.9352818934
0.0353656102 0.8148143583
0.0359360233 0.7021949704
0.0365064364 0.5992665810
0.0370768494 0.5078721231
0.0376472625 0.4298545298
0.0382176756 0.3670945930
0.0387880886 0.3217999039
0.0393585017 0.2963451774
0.0399289148 0.2931064759
0.0404993279 0.3144598617
0.0410697409 0.3628168742
0.0416401540 0.4409828135
0.0422105671 0.5520084300
0.0427809801 0.6989481956
0.0433513932 0.8848565826
0.0439218063 1.1128519213
0.0444922193 1.3866741308
0.0450626324 1.7104133855
0.0456330455 2.0881637888
0.0462034585 2.5240194439
0.0467738716 3.0221336847
0.0473442847 3.5870520783
0.0479146977 4.2234796375
0.0484851108 4.9361218362
0.0490555239 5.7296841551
0.0496259369 6.6093043597
0.0501963500 7.5817206621
0.0507667631 8.6540415750
0.0513371762 9.8333756111
0.0519075892 11.1268345555
0.0524780023 12.5418280874
0.0530484154 14.0862980132
0.0536188284 15.7682412603
0.0541892415 17.5956547560
0.0547596546 19.5765354277
0.0553300676 21.7188802029
0.0559004807 24.0306860089
0.0564708938 26.5199497730
0.0570413068 29.1946684228
