# Field(kV/cm) Polarization(microC/cm2)
-800.000000 -0.589536
-799.000000 -0.589528
-798.000000 -0.589520
-797.000000 -0.589513
-796.000000 -0.589505
-795.000000 -0.589497
-794.000000 -0.589490
-793.000000 -0.589482
-792.000000 -0.589475
-791.000000 -0.589467
-790.000000 -0.589459
-789.000000 -0.589452
-788.000000 -0.589444
-787.000000 -0.589436
-786.000000 -0.589429
-785.000000 -0.589421
-784.000000 -0.589413
-783.000000 -0.589406
-782.000000 -0.589398
-781.000000 -0.589390
-780.000000 -0.589383
-779.000000 -0.589375
-778.000000 -0.589368
-777.000000 -0.589360
-776.000000 -0.589352
-775.000000 -0.589345
-774.000000 -0.589337
-773.000000 -0.589329
-772.000000 -0.589322
-771.000000 -0.589314
-770.000000 -0.589306
-769.000000 -0.589299
-768.000000 -0.589291
-767.000000 -0.589283
-766.000000 -0.589276
-765.000000 -0.589268
-764.000000 -0.589260
-763.000000 -0.589253
-762.000000 -0.589245
-761.000000 -0.589237
-760.000000 -0.589230
-759.000000 -0.589222
-758.000000 -0.589214
-757.000000 -0.589207
-756.000000 -0.589199
-755.000000 -0.589191
-754.000000 -0.589184
-753.000000 -0.589176
-752.000000 -0.589168
-751.000000 -0.589161
-750.000000 -0.589153
-749.000000 -0.589145
-748.000000 -0.589138
-747.000000 -0.589130
-746.000000 -0.589122
-745.000000 -0.589115
-744.000000 -0.589107
-743.000000 -0.589099
-742.000000 -0.589092
-741.000000 -0.589084
-740.000000 -0.589076
-739.000000 -0.589069
-738.000000 -0.589061
-737.000000 -0.589053
-736.000000 -0.589046
-735.000000 -0.589038
-734.000000 -0.589030
-733.000000 -0.589023
-732.000000 -0.589015
-731.000000 -0.589007
-730.000000 -0.588999
-729.000000 -0.588992
-728.000000 -0.588984
-727.000000 -0.588976
-726.000000 -0.588969
-725.000000 -0.588961
-724.000000 -0.588953
-723.000000 -0.588946
-722.000000 -0.588938
-721.000000 -0.588930
-720.000000 -0.588923
-719.000000 -0.588915
-718.000000 -0.588907
-717.000000 -0.588900
-716.000000 -0.588892
-715.000000 -0.588884
-714.000000 -0.588876
-713.000000 -0.588869
-712.000000 -0.588861
-711.000000 -0.588853
-710.000000 -0.588846
-709.000000 -0.588838
-708.000000 -0.588830
-707.000000 -0.588823
-706.000000 -0.588815
-705.000000 -0.588807
-704.000000 -0.588799
-703.000000 -0.588792
-702.000000 -0.588784
-701.000000 -0.588776
-700.000000 -0.588769
-699.000000 -0.588761
-698.000000 -0.588753
-697.000000 -0.588745
-696.000000 -0.588738
-695.000000 -0.588730
-694.000000 -0.588722
-693.000000 -0.588715
-692.000000 -0.588707
-691.000000 -0.588699
-690.000000 -0.588692
-689.000000 -0.588684
-688.000000 -0.588676
-687.000000 -0.588668
-686.000000 -0.588661
-685.000000 -0.588653
-684.000000 -0.588645
-683.000000 -0.588638
-682.000000 -0.588630
-681.000000 -0.588622
-680.000000 -0.588614
-679.000000 -0.588607
-678.000000 -0.588599
-677.000000 -0.588591
-676.000000 -0.588583
-675.000000 -0.588576
-674.000000 -0.588568
-673.000000 -0.588560
-672.000000 -0.588553
-671.000000 -0.588545
-670.000000 -0.588537
-669.000000 -0.588529
-668.000000 -0.588522
-667.000000 -0.588514
-666.000000 -0.588506
-665.000000 -0.588499
-664.000000 -0.588491
-663.000000 -0.588483
-662.000000 -0.588475
-661.000000 -0.588468
-660.000000 -0.588460
-659.000000 -0.588452
-658.000000 -0.588444
-657.000000 -0.588437
-656.000000 -0.588429
-655.000000 -0.588421
-654.000000 -0.588413
-653.000000 -0.588406
-652.000000 -0.588398
-651.000000 -0.588390
-650.000000 -0.588382
-649.000000 -0.588375
-648.000000 -0.588367
-647.000000 -0.588359
-646.000000 -0.588352
-645.000000 -0.588344
-644.000000 -0.588336
-643.000000 -0.588328
-642.000000 -0.588321
-641.000000 -0.588313
-640.000000 -0.588305
-639.000000 -0.588297
-638.000000 -0.588290
-637.000000 -0.588282
-636.000000 -0.588274
-635.000000 -0.588266
-634.000000 -0.588259
-633.000000 -0.588251
-632.000000 -0.588243
-631.000000 -0.588235
-630.000000 -0.588228
-629.000000 -0.588220
-628.000000 -0.588212
-627.000000 -0.588204
-626.000000 -0.588197
-625.000000 -0.588189
-624.000000 -0.588181
-623.000000 -0.588173
-622.000000 -0.588165
-621.000000 -0.588158
-620.000000 -0.588150
-619.000000 -0.588142
-618.000000 -0.588134
-617.000000 -0.588127
-616.000000 -0.588119
-615.000000 -0.588111
-614.000000 -0.588103
-613.000000 -0.588096
-612.000000 -0.588088
-611.000000 -0.588080
-610.000000 -0.588072
-609.000000 -0.588065
-608.000000 -0.588057
-607.000000 -0.588049
-606.000000 -0.588041
-605.000000 -0.588033
-604.000000 -0.588026
-603.000000 -0.588018
-602.000000 -0.588010
-601.000000 -0.588002
-600.000000 -0.587995
-599.000000 -0.587987
-598.000000 -0.587979
-597.000000 -0.587971
-596.000000 -0.587963
-595.000000 -0.587956
-594.000000 -0.587948
-593.000000 -0.587940
-592.000000 -0.587932
-591.000000 -0.587925
-590.000000 -0.587917
-589.000000 -0.587909
-588.000000 -0.587901
-587.000000 -0.587893
-586.000000 -0.587886
-585.000000 -0.587878
-584.000000 -0.587870
-583.000000 -0.587862
-582.000000 -0.587854
-581.000000 -0.587847
-580.000000 -0.587839
-579.000000 -0.587831
-578.000000 -0.587823
-577.000000 -0.587816
-576.000000 -0.587808
-575.000000 -0.587800
-574.000000 -0.587792
-573.000000 -0.587784
-572.000000 -0.587777
-571.000000 -0.587769
-570.000000 -0.587761
-569.000000 -0.587753
-568.000000 -0.587745
-567.000000 -0.587738
-566.000000 -0.587730
-565.000000 -0.587722
-564.000000 -0.587714
-563.000000 -0.587706
-562.000000 -0.587699
-561.000000 -0.587691
-560.000000 -0.587683
-559.000000 -0.587675
-558.000000 -0.587667
-557.000000 -0.587660
-556.000000 -0.587652
-555.000000 -0.587644
-554.000000 -0.587636
-553.000000 -0.587628
-552.000000 -0.587620
-551.000000 -0.587613
-550.000000 -0.587605
-549.000000 -0.587597
-548.000000 -0.587589
-547.000000 -0.587581
-546.000000 -0.587574
-545.000000 -0.587566
-544.000000 -0.587558
-543.000000 -0.587550
-542.000000 -0.587542
-541.000000 -0.587535
-540.000000 -0.587527
-539.000000 -0.587519
-538.000000 -0.587511
-537.000000 -0.587503
-536.000000 -0.587495
-535.000000 -0.587488
-534.000000 -0.587480
-533.000000 -0.587472
-532.000000 -0.587464
-531.000000 -0.587456
-530.000000 -0.587448
-529.000000 -0.587441
-528.000000 -0.587433
-527.000000 -0.587425
-526.000000 -0.587417
-525.000000 -0.587409
-524.000000 -0.587402
-523.000000 -0.587394
-522.000000 -0.587386
-521.000000 -0.587378
-520.000000 -0.587370
-519.000000 -0.587362
-518.000000 -0.587355
-517.000000 -0.587347
-516.000000 -0.587339
-515.000000 -0.587331
-514.000000 -0.587323
-513.000000 -0.587315
-512.000000 -0.587307
-511.000000 -0.587300
-510.000000 -0.587292
-509.000000 -0.587284
-508.000000 -0.587276
-507.000000 -0.587268
-506.000000 -0.587260
-505.000000 -0.587253
-504.000000 -0.587245
-503.000000 -0.587237
-502.000000 -0.587229
-501.000000 -0.587221
-500.000000 -0.587213
-499.000000 -0.587206
-498.000000 -0.587198
-497.000000 -0.587190
-496.000000 -0.587182
-495.000000 -0.587174
-494.000000 -0.587166
-493.000000 -0.587158
-492.000000 -0.587151
-491.000000 -0.587143
-490.000000 -0.587135
-489.000000 -0.587127
-488.000000 -0.587119
-487.000000 -0.587111
-486.000000 -0.587103
-485.000000 -0.587096
-484.000000 -0.587088
-483.000000 -0.587080
-482.000000 -0.587072
-481.000000 -0.587064
-480.000000 -0.587056
-479.000000 -0.587048
-478.000000 -0.587041
-477.000000 -0.587033
-476.000000 -0.587025
-475.000000 -0.587017
-474.000000 -0.587009
-473.000000 -0.587001
-472.000000 -0.586993
-471.000000 -0.586985
-470.000000 -0.586978
-469.000000 -0.586970
-468.000000 -0.586962
-467.000000 -0.586954
-466.000000 -0.586946
-465.000000 -0.586938
-464.000000 -0.586930
-463.000000 -0.586922
-462.000000 -0.586915
-461.000000 -0.586907
-460.000000 -0.586899
-459.000000 -0.586891
-458.000000 -0.586883
-457.000000 -0.586875
-456.000000 -0.586867
-455.000000 -0.586859
-454.000000 -0.586852
-453.000000 -0.586844
-452.000000 -0.586836
-451.000000 -0.586828
-450.000000 -0.586820
-449.000000 -0.586812
-448.000000 -0.586804
-447.000000 -0.586796
-446.000000 -0.586788
-445.000000 -0.586781
-444.000000 -0.586773
-443.000000 -0.586765
-442.000000 -0.586757
-441.000000 -0.586749
-440.000000 -0.586741
-439.000000 -0.586733
-438.000000 -0.586725
-437.000000 -0.586717
-436.000000 -0.586709
-435.000000 -0.586702
-434.000000 -0.586694
-433.000000 -0.586686
-432.000000 -0.586678
-431.000000 -0.586670
-430.000000 -0.586662
-429.000000 -0.586654
-428.000000 -0.586646
-427.000000 -0.586638
-426.000000 -0.586630
-425.000000 -0.586622
-424.000000 -0.586615
-423.000000 -0.586607
-422.000000 -0.586599
-421.000000 -0.586591
-420.000000 -0.586583
-419.000000 -0.586575
-418.000000 -0.586567
-417.000000 -0.586559
-416.000000 -0.586551
-415.000000 -0.586543
-414.000000 -0.586535
-413.000000 -0.586527
-412.000000 -0.586519
-411.000000 -0.586512
-410.000000 -0.586504
-409.000000 -0.586496
-408.000000 -0.586488
-407.000000 -0.586480
-406.000000 -0.586472
-405.000000 -0.586464
-404.000000 -0.586456
-403.000000 -0.586448
-402.000000 -0.586440
-401.000000 -0.586432
-400.000000 -0.586424
-399.000000 -0.586416
-398.000000 -0.586408
-397.000000 -0.586400
-396.000000 -0.586392
-395.000000 -0.586384
-394.000000 -0.586376
-393.000000 -0.586368
-392.000000 -0.586360
-391.000000 -0.586352
-390.000000 -0.586344
-389.000000 -0.586336
-388.000000 -0.586328
-387.000000 -0.586320
-386.000000 -0.586312
-385.000000 -0.586304
-384.000000 -0.586296
-383.000000 -0.586288
-382.000000 -0.586280
-381.000000 -0.586272
-380.000000 -0.586264
-379.000000 -0.586255
-378.000000 -0.586247
-377.000000 -0.586239
-376.000000 -0.586231
-375.000000 -0.586223
-374.000000 -0.586215
-373.000000 -0.586207
-372.000000 -0.586198
-371.000000 -0.586190
-370.000000 -0.586182
-369.000000 -0.586174
-368.000000 -0.586165
-367.000000 -0.586157
-366.000000 -0.586149
-365.000000 -0.586140
-364.000000 -0.586132
-363.000000 -0.586124
-362.000000 -0.586115
-361.000000 -0.586107
-360.000000 -0.586098
-359.000000 -0.586090
-358.000000 -0.586081
-357.000000 -0.586072
-356.000000 -0.586064
-355.000000 -0.586055
-354.000000 -0.586046
-353.000000 -0.586037
-352.000000 -0.586029
-351.000000 -0.586020
-350.000000 -0.586011
-349.000000 -0.586002
-348.000000 -0.585992
-347.000000 -0.585983
-346.000000 -0.585974
-345.000000 -0.585965
-344.000000 -0.585955
-343.000000 -0.585946
-342.000000 -0.585936
-341.000000 -0.585926
-340.000000 -0.585916
-339.000000 -0.585906
-338.000000 -0.585896
-337.000000 -0.585886
-336.000000 -0.585875
-335.000000 -0.585865
-334.000000 -0.585854
-333.000000 -0.585843
-332.000000 -0.585832
-331.000000 -0.585821
-330.000000 -0.585809
-329.000000 -0.585797
-328.000000 -0.585785
-327.000000 -0.585773
-326.000000 -0.585761
-325.000000 -0.585748
-324.000000 -0.585735
-323.000000 -0.585721
-322.000000 -0.585707
-321.000000 -0.585693
-320.000000 -0.585678
-319.000000 -0.585663
-318.000000 -0.585648
-317.000000 -0.585632
-316.000000 -0.585615
-315.000000 -0.585598
-314.000000 -0.585581
-313.000000 -0.585562
-312.000000 -0.585544
-311.000000 -0.585524
-310.000000 -0.585504
-309.000000 -0.585482
-308.000000 -0.585461
-307.000000 -0.585438
-306.000000 -0.585414
-305.000000 -0.585389
-304.000000 -0.585363
-303.000000 -0.585336
-302.000000 -0.585308
-301.000000 -0.585278
-300.000000 -0.585247
-299.000000 -0.585215
-298.000000 -0.585181
-297.000000 -0.585145
-296.000000 -0.585108
-295.000000 -0.585068
-294.000000 -0.585027
-293.000000 -0.584983
-292.000000 -0.584938
-291.000000 -0.584890
-290.000000 -0.584839
-289.000000 -0.584785
-288.000000 -0.584729
-287.000000 -0.584670
-286.000000 -0.584607
-285.000000 -0.584541
-284.000000 -0.584471
-283.000000 -0.584397
-282.000000 -0.584319
-281.000000 -0.584236
-280.000000 -0.584149
-279.000000 -0.584056
-278.000000 -0.583959
-277.000000 -0.583855
-276.000000 -0.583746
-275.000000 -0.583629
-274.000000 -0.583507
-273.000000 -0.583376
-272.000000 -0.583238
-271.000000 -0.583092
-270.000000 -0.582937
-269.000000 -0.582772
-268.000000 -0.582598
-267.000000 -0.582413
-266.000000 -0.582217
-265.000000 -0.582009
-264.000000 -0.581788
-263.000000 -0.581554
-262.000000 -0.581305
-261.000000 -0.581041
-260.000000 -0.580762
-259.000000 -0.580465
-258.000000 -0.580149
-257.000000 -0.579815
-256.000000 -0.579460
-255.000000 -0.579083
-254.000000 -0.578683
-253.000000 -0.578258
-252.000000 -0.577808
-251.000000 -0.577330
-250.000000 -0.576822
-249.000000 -0.576284
-248.000000 -0.575712
-247.000000 -0.575106
-246.000000 -0.574462
-245.000000 -0.573780
-244.000000 -0.573056
-243.000000 -0.572288
-242.000000 -0.571473
-241.000000 -0.570610
-240.000000 -0.569694
-239.000000 -0.568723
-238.000000 -0.567695
-237.000000 -0.566605
-236.000000 -0.565450
-235.000000 -0.564226
-234.000000 -0.562931
-233.000000 -0.561559
-232.000000 -0.560107
-231.000000 -0.558571
-230.000000 -0.556946
-229.000000 -0.555228
-228.000000 -0.553412
-227.000000 -0.551492
-226.000000 -0.549465
-225.000000 -0.547324
-224.000000 -0.545065
-223.000000 -0.542682
-222.000000 -0.540170
-221.000000 -0.537522
-220.000000 -0.534733
-219.000000 -0.531798
-218.000000 -0.528710
-217.000000 -0.525464
-216.000000 -0.522054
-215.000000 -0.518473
-214.000000 -0.514718
-213.000000 -0.510781
-212.000000 -0.506658
-211.000000 -0.502344
-210.000000 -0.497834
-209.000000 -0.493123
-208.000000 -0.488208
-207.000000 -0.483085
-206.000000 -0.477750
-205.000000 -0.472203
-204.000000 -0.466440
-203.000000 -0.460461
-202.000000 -0.454265
-201.000000 -0.447854
-200.000000 -0.441228
-199.000000 -0.434390
-198.000000 -0.427344
-197.000000 -0.420094
-196.000000 -0.412645
-195.000000 -0.405005
-194.000000 -0.397181
-193.000000 -0.389182
-192.000000 -0.381018
-191.000000 -0.372699
-190.000000 -0.364239
-189.000000 -0.355650
-188.000000 -0.346947
-187.000000 -0.338143
-186.000000 -0.329254
-185.000000 -0.320297
-184.000000 -0.311288
-183.000000 -0.302244
-182.000000 -0.293182
-181.000000 -0.284121
-180.000000 -0.275077
-179.000000 -0.266067
-178.000000 -0.257109
-177.000000 -0.248220
-176.000000 -0.239415
-175.000000 -0.230710
-174.000000 -0.222120
-173.000000 -0.213659
-172.000000 -0.205339
-171.000000 -0.197174
-170.000000 -0.189173
-169.000000 -0.181347
-168.000000 -0.173705
-167.000000 -0.166255
-166.000000 -0.159003
-165.000000 -0.151955
-164.000000 -0.145115
-163.000000 -0.138487
-162.000000 -0.132074
-161.000000 -0.125876
-160.000000 -0.119895
-159.000000 -0.114130
-158.000000 -0.108580
-157.000000 -0.103244
-156.000000 -0.098118
-155.000000 -0.093201
-154.000000 -0.088488
-153.000000 -0.083976
-152.000000 -0.079660
-151.000000 -0.075535
-150.000000 -0.071596
-149.000000 -0.067839
-148.000000 -0.064257
-147.000000 -0.060844
-146.000000 -0.057596
-145.000000 -0.054507
-144.000000 -0.051570
-143.000000 -0.048779
-142.000000 -0.046130
-141.000000 -0.043616
-140.000000 -0.041231
-139.000000 -0.038970
-138.000000 -0.036828
-137.000000 -0.034799
-136.000000 -0.032879
-135.000000 -0.031061
-134.000000 -0.029341
-133.000000 -0.027715
-132.000000 -0.026177
-131.000000 -0.024724
-130.000000 -0.023351
-129.000000 -0.022054
-128.000000 -0.020830
-127.000000 -0.019674
-126.000000 -0.018582
-125.000000 -0.017552
-124.000000 -0.016580
-123.000000 -0.015663
-122.000000 -0.014799
-121.000000 -0.013983
-120.000000 -0.013214
-119.000000 -0.012489
-118.000000 -0.011805
-117.000000 -0.011161
-116.000000 -0.010553
-115.000000 -0.009981
-114.000000 -0.009441
-113.000000 -0.008933
-112.000000 -0.008453
-111.000000 -0.008002
-110.000000 -0.007576
-109.000000 -0.007175
-108.000000 -0.006797
-107.000000 -0.006441
-106.000000 -0.006106
-105.000000 -0.005789
-104.000000 -0.005491
-103.000000 -0.005211
-102.000000 -0.004946
-101.000000 -0.004696
-100.000000 -0.004461
-99.000000 -0.004239
-98.000000 -0.004030
-97.000000 -0.003833
-96.000000 -0.003647
-95.000000 -0.003472
-94.000000 -0.003306
-93.000000 -0.003150
-92.000000 -0.003003
-91.000000 -0.002864
-90.000000 -0.002733
-89.000000 -0.002609
-88.000000 -0.002492
-87.000000 -0.002381
-86.000000 -0.002277
-85.000000 -0.002178
-84.000000 -0.002085
-83.000000 -0.001996
-82.000000 -0.001913
-81.000000 -0.001834
-80.000000 -0.001759
-79.000000 -0.001688
-78.000000 -0.001621
-77.000000 -0.001557
-76.000000 -0.001496
-75.000000 -0.001439
-74.000000 -0.001385
-73.000000 -0.001333
-72.000000 -0.001284
-71.000000 -0.001237
-70.000000 -0.001193
-69.000000 -0.001150
-68.000000 -0.001110
-67.000000 -0.001072
-66.000000 -0.001035
-65.000000 -0.001000
-64.000000 -0.000966
-63.000000 -0.000934
-62.000000 -0.000904
-61.000000 -0.000875
-60.000000 -0.000847
-59.000000 -0.000820
-58.000000 -0.000794
-57.000000 -0.000769
-56.000000 -0.000745
-55.000000 -0.000722
-54.000000 -0.000700
-53.000000 -0.000679
-52.000000 -0.000658
-51.000000 -0.000638
-50.000000 -0.000619
-49.000000 -0.000600
-48.000000 -0.000582
-47.000000 -0.000565
-46.000000 -0.000548
-45.000000 -0.000531
-44.000000 -0.000515
-43.000000 -0.000499
-42.000000 -0.000484
-41.000000 -0.000469
-40.000000 -0.000455
-39.000000 -0.000440
-38.000000 -0.000426
-37.000000 -0.000413
-36.000000 -0.000400
-35.000000 -0.000386
-34.000000 -0.000374
-33.000000 -0.000361
-32.000000 -0.000349
-31.000000 -0.000336
-30.000000 -0.000324
-29.000000 -0.000313
-28.000000 -0.000301
-27.000000 -0.000289
-26.000000 -0.000278
-25.000000 -0.000267
-24.000000 -0.000256
-23.000000 -0.000245
-22.000000 -0.000234
-21.000000 -0.000223
-20.000000 -0.000212
-19.000000 -0.000201
-18.000000 -0.000191
-17.000000 -0.000180
-16.000000 -0.000170
-15.000000 -0.000160
-14.000000 -0.000149
-13.000000 -0.000139
-12.000000 -0.000129
-11.000000 -0.000119
-10.000000 -0.000109
-9.000000 -0.000099
-8.000000 -0.000089
-7.000000 -0.000079
-6.000000 -0.000069
-5.000000 -0.000059
-4.000000 -0.000049
-3.000000 -0.000039
-2.000000 -0.000029
-1.000000 -0.000019
0.000000 -0.000009
1.000000 0.000000
2.000000 0.000010
3.000000 0.000020
4.000000 0.000030
5.000000 0.000040
6.000000 0.000050
7.000000 0.000060
8.000000 0.000070
9.000000 0.000080
10.000000 0.000090
11.000000 0.000100
12.000000 0.000110
13.000000 0.000120
14.000000 0.000131
15.000000 0.000141
16.000000 0.000151
17.000000 0.000162
18.000000 0.000172
19.000000 0.000183
20.000000 0.000193
21.000000 0.000204
22.000000 0.000215
23.000000 0.000226
24.000000 0.000237
25.000000 0.000248
26.000000 0.000259
27.000000 0.000270
28.000000 0.000282
29.000000 0.000294
30.000000 0.000305
31.000000 0.000317
32.000000 0.000330
33.000000 0.000342
34.000000 0.000355
35.000000 0.000368
36.000000 0.000381
37.000000 0.000394
38.000000 0.000408
39.000000 0.000421
40.000000 0.000436
41.000000 0.000450
42.000000 0.000465
43.000000 0.000480
44.000000 0.000496
45.000000 0.000512
46.000000 0.000529
47.000000 0.000546
48.000000 0.000563
49.000000 0.000581
50.000000 0.000600
51.000000 0.000619
52.000000 0.000639
53.000000 0.000660
54.000000 0.000681
55.000000 0.000703
56.000000 0.000726
57.000000 0.000750
58.000000 0.000775
59.000000 0.000801
60.000000 0.000828
61.000000 0.000856
62.000000 0.000885
63.000000 0.000916
64.000000 0.000948
65.000000 0.000981
66.000000 0.001016
67.000000 0.001053
68.000000 0.001091
69.000000 0.001132
70.000000 0.001174
71.000000 0.001218
72.000000 0.001265
73.000000 0.001314
74.000000 0.001366
75.000000 0.001420
76.000000 0.001478
77.000000 0.001538
78.000000 0.001602
79.000000 0.001669
80.000000 0.001740
81.000000 0.001815
82.000000 0.001894
83.000000 0.001978
84.000000 0.002066
85.000000 0.002159
86.000000 0.002258
87.000000 0.002363
88.000000 0.002473
89.000000 0.002590
90.000000 0.002714
91.000000 0.002845
92.000000 0.002985
93.000000 0.003132
94.000000 0.003288
95.000000 0.003453
96.000000 0.003629
97.000000 0.003815
98.000000 0.004012
99.000000 0.004221
100.000000 0.004443
101.000000 0.004678
102.000000 0.004928
103.000000 0.005193
104.000000 0.005474
105.000000 0.005772
106.000000 0.006088
107.000000 0.006424
108.000000 0.006780
109.000000 0.007158
110.000000 0.007559
111.000000 0.007985
112.000000 0.008436
113.000000 0.008916
114.000000 0.009425
115.000000 0.009964
116.000000 0.010537
117.000000 0.011145
118.000000 0.011789
119.000000 0.012473
120.000000 0.013198
121.000000 0.013968
122.000000 0.014784
123.000000 0.015649
124.000000 0.016566
125.000000 0.017538
126.000000 0.018568
127.000000 0.019660
128.000000 0.020816
129.000000 0.022042
130.000000 0.023339
131.000000 0.024712
132.000000 0.026166
133.000000 0.027704
134.000000 0.029330
135.000000 0.031051
136.000000 0.032869
137.000000 0.034790
138.000000 0.036820
139.000000 0.038963
140.000000 0.041224
141.000000 0.043609
142.000000 0.046124
143.000000 0.048775
144.000000 0.051566
145.000000 0.054504
146.000000 0.057594
147.000000 0.060843
148.000000 0.064257
149.000000 0.067840
150.000000 0.071598
151.000000 0.075538
152.000000 0.079664
153.000000 0.083982
154.000000 0.088495
155.000000 0.093209
156.000000 0.098128
157.000000 0.103255
158.000000 0.108592
159.000000 0.114144
160.000000 0.119910
161.000000 0.125893
162.000000 0.132092
163.000000 0.138507
164.000000 0.145137
165.000000 0.151978
166.000000 0.159028
167.000000 0.166281
168.000000 0.173733
169.000000 0.181377
170.000000 0.189204
171.000000 0.197206
172.000000 0.205373
173.000000 0.213694
174.000000 0.222157
175.000000 0.230748
176.000000 0.239454
177.000000 0.248260
178.000000 0.257150
179.000000 0.266109
180.000000 0.275119
181.000000 0.284164
182.000000 0.293226
183.000000 0.302288
184.000000 0.311332
185.000000 0.320342
186.000000 0.329299
187.000000 0.338188
188.000000 0.346992
189.000000 0.355696
190.000000 0.364285
191.000000 0.372744
192.000000 0.381062
193.000000 0.389226
194.000000 0.397224
195.000000 0.405048
196.000000 0.412687
197.000000 0.420135
198.000000 0.427384
199.000000 0.434430
200.000000 0.441267
201.000000 0.447892
202.000000 0.454302
203.000000 0.460497
204.000000 0.466475
205.000000 0.472237
206.000000 0.477783
207.000000 0.483116
208.000000 0.488239
209.000000 0.493153
210.000000 0.497862
211.000000 0.502371
212.000000 0.506685
213.000000 0.510806
214.000000 0.514742
215.000000 0.518497
216.000000 0.522076
217.000000 0.525485
218.000000 0.528731
219.000000 0.531818
220.000000 0.534752
221.000000 0.537540
222.000000 0.540187
223.000000 0.542698
224.000000 0.545081
225.000000 0.547339
226.000000 0.549479
227.000000 0.551506
228.000000 0.553424
229.000000 0.555240
230.000000 0.556958
231.000000 0.558582
232.000000 0.560118
233.000000 0.561569
234.000000 0.562940
235.000000 0.564235
236.000000 0.565458
237.000000 0.566612
238.000000 0.567702
239.000000 0.568731
240.000000 0.569701
241.000000 0.570616
242.000000 0.571479
243.000000 0.572294
244.000000 0.573061
245.000000 0.573785
246.000000 0.574467
247.000000 0.575110
248.000000 0.575716
249.000000 0.576288
250.000000 0.576826
251.000000 0.577333
252.000000 0.577811
253.000000 0.578262
254.000000 0.578686
255.000000 0.579086
256.000000 0.579462
257.000000 0.579817
258.000000 0.580152
259.000000 0.580467
260.000000 0.580764
261.000000 0.581044
262.000000 0.581307
263.000000 0.581556
264.000000 0.581790
265.000000 0.582010
266.000000 0.582218
267.000000 0.582414
268.000000 0.582599
269.000000 0.582774
270.000000 0.582938
271.000000 0.583093
272.000000 0.583239
273.000000 0.583377
274.000000 0.583508
275.000000 0.583630
276.000000 0.583746
277.000000 0.583856
278.000000 0.583959
279.000000 0.584057
280.000000 0.584150
281.000000 0.584237
282.000000 0.584319
283.000000 0.584397
284.000000 0.584471
285.000000 0.584541
286.000000 0.584607
287.000000 0.584670
288.000000 0.584730
289.000000 0.584786
290.000000 0.584839
291.000000 0.584890
292.000000 0.584938
293.000000 0.584984
294.000000 0.585027
295.000000 0.585069
296.000000 0.585108
297.000000 0.585145
298.000000 0.585181
299.000000 0.585215
300.000000 0.585247
301.000000 0.585278
302.000000 0.585308
303.000000 0.585336
304.000000 0.585363
305.000000 0.585389
306.000000 0.585414
307.000000 0.585438
308.000000 0.585461
309.000000 0.585483
310.000000 0.585504
311.000000 0.585524
312.000000 0.585544
313.000000 0.585563
314.000000 0.585581
315.000000 0.585598
316.000000 0.585615
317.000000 0.585632
318.000000 0.585648
319.000000 0.585663
320.000000 0.585678
321.000000 0.585693
322.000000 0.585707
323.000000 0.585721
324.000000 0.585735
325.000000 0.585748
326.000000 0.585761
327.000000 0.585773
328.000000 0.585785
329.000000 0.585797
330.000000 0.585809
331.000000 0.585821
332.000000 0.585832
333.000000 0.585843
334.000000 0.585854
335.000000 0.585865
336.000000 0.585875
337.000000 0.585886
338.000000 0.585896
339.000000 0.585906
340.000000 0.585916
341.000000 0.585926
342.000000 0.585936
343.000000 0.585946
344.000000 0.585955
345.000000 0.585965
346.000000 0.585974
347.000000 0.585983
348.000000 0.585992
349.000000 0.586002
350.000000 0.586011
351.000000 0.586020
352.000000 0.586029
353.000000 0.586037
354.000000 0.586046
355.000000 0.586055
356.000000 0.586064
357.000000 0.586072
358.000000 0.586081
359.000000 0.586090
360.000000 0.586098
361.000000 0.586107
362.000000 0.586115
363.000000 0.586124
364.000000 0.586132
365.000000 0.586140
366.000000 0.586149
367.000000 0.586157
368.000000 0.586165
369.000000 0.586174
370.000000 0.586182
371.000000 0.586190
372.000000 0.586198
373.000000 0.586207
374.000000 0.586215
375.000000 0.586223
376.000000 0.586231
377.000000 0.586239
378.000000 0.586247
379.000000 0.586255
380.000000 0.586264
381.000000 0.586272
382.000000 0.586280
383.000000 0.586288
384.000000 0.586296
385.000000 0.586304
386.000000 0.586312
387.000000 0.586320
388.000000 0.586328
389.000000 0.586336
390.000000 0.586344
391.000000 0.586352
392.000000 0.586360
393.000000 0.586368
394.000000 0.586376
395.000000 0.586384
396.000000 0.586392
397.000000 0.586400
398.000000 0.586408
399.000000 0.586416
400.000000 0.586424
401.000000 0.586432
402.000000 0.586440
403.000000 0.586448
404.000000 0.586456
405.000000 0.586464
406.000000 0.586472
407.000000 0.586480
408.000000 0.586488
409.000000 0.586496
410.000000 0.586504
411.000000 0.586512
412.000000 0.586519
413.000000 0.586527
414.000000 0.586535
415.000000 0.586543
416.000000 0.586551
417.000000 0.586559
418.000000 0.586567
419.000000 0.586575
420.000000 0.586583
421.000000 0.586591
422.000000 0.586599
423.000000 0.586607
424.000000 0.586615
425.000000 0.586622
426.000000 0.586630
427.000000 0.586638
428.000000 0.586646
429.000000 0.586654
430.000000 0.586662
431.000000 0.586670
432.000000 0.586678
433.000000 0.586686
434.000000 0.586694
435.000000 0.586702
436.000000 0.586709
437.000000 0.586717
438.000000 0.586725
439.000000 0.586733
440.000000 0.586741
441.000000 0.586749
442.000000 0.586757
443.000000 0.586765
444.000000 0.586773
445.000000 0.586781
446.000000 0.586788
447.000000 0.586796
448.000000 0.586804
449.000000 0.586812
450.000000 0.586820
451.000000 0.586828
452.000000 0.586836
453.000000 0.586844
454.000000 0.586852
455.000000 0.586859
456.000000 0.586867
457.000000 0.586875
458.000000 0.586883
459.000000 0.586891
460.000000 0.586899
461.000000 0.586907
462.000000 0.586915
463.000000 0.586922
464.000000 0.586930
465.000000 0.586938
466.000000 0.586946
467.000000 0.586954
468.000000 0.586962
469.000000 0.586970
470.000000 0.586978
471.000000 0.586985
472.000000 0.586993
473.000000 0.587001
474.000000 0.587009
475.000000 0.587017
476.000000 0.587025
477.000000 0.587033
478.000000 0.587041
479.000000 0.587048
480.000000 0.587056
481.000000 0.587064
482.000000 0.587072
483.000000 0.587080
484.000000 0.587088
485.000000 0.587096
486.000000 0.587103
487.000000 0.587111
488.000000 0.587119
489.000000 0.587127
490.000000 0.587135
491.000000 0.587143
492.000000 0.587151
493.000000 0.587158
494.000000 0.587166
495.000000 0.587174
496.000000 0.587182
497.000000 0.587190
498.000000 0.587198
499.000000 0.587206
500.000000 0.587213
501.000000 0.587221
502.000000 0.587229
503.000000 0.587237
504.000000 0.587245
505.000000 0.587253
506.000000 0.587260
507.000000 0.587268
508.000000 0.587276
509.000000 0.587284
510.000000 0.587292
511.000000 0.587300
512.000000 0.587307
513.000000 0.587315
514.000000 0.587323
515.000000 0.587331
516.000000 0.587339
517.000000 0.587347
518.000000 0.587355
519.000000 0.587362
520.000000 0.587370
521.000000 0.587378
522.000000 0.587386
523.000000 0.587394
524.000000 0.587402
525.000000 0.587409
526.000000 0.587417
527.000000 0.587425
528.000000 0.587433
529.000000 0.587441
530.000000 0.587448
531.000000 0.587456
532.000000 0.587464
533.000000 0.587472
534.000000 0.587480
535.000000 0.587488
536.000000 0.587495
537.000000 0.587503
538.000000 0.587511
539.000000 0.587519
540.000000 0.587527
541.000000 0.587535
542.000000 0.587542
543.000000 0.587550
544.000000 0.587558
545.000000 0.587566
546.000000 0.587574
547.000000 0.587581
548.000000 0.587589
549.000000 0.587597
550.000000 0.587605
551.000000 0.587613
552.000000 0.587620
553.000000 0.587628
554.000000 0.587636
555.000000 0.587644
556.000000 0.587652
557.000000 0.587660
558.000000 0.587667
559.000000 0.587675
560.000000 0.587683
561.000000 0.587691
562.000000 0.587699
563.000000 0.587706
564.000000 0.587714
565.000000 0.587722
566.000000 0.587730
567.000000 0.587738
568.000000 0.587745
569.000000 0.587753
570.000000 0.587761
571.000000 0.587769
572.000000 0.587777
573.000000 0.587784
574.000000 0.587792
575.000000 0.587800
576.000000 0.587808
577.000000 0.587816
578.000000 0.587823
579.000000 0.587831
580.000000 0.587839
581.000000 0.587847
582.000000 0.587854
583.000000 0.587862
584.000000 0.587870
585.000000 0.587878
586.000000 0.587886
587.000000 0.587893
588.000000 0.587901
589.000000 0.587909
590.000000 0.587917
591.000000 0.587925
592.000000 0.587932
593.000000 0.587940
594.000000 0.587948
595.000000 0.587956
596.000000 0.587963
597.000000 0.587971
598.000000 0.587979
599.000000 0.587987
600.000000 0.587995
601.000000 0.588002
602.000000 0.588010
603.000000 0.588018
604.000000 0.588026
605.000000 0.588033
606.000000 0.588041
607.000000 0.588049
608.000000 0.588057
609.000000 0.588065
610.000000 0.588072
611.000000 0.588080
612.000000 0.588088
613.000000 0.588096
614.000000 0.588103
615.000000 0.588111
616.000000 0.588119
617.000000 0.588127
618.000000 0.588134
619.000000 0.588142
620.000000 0.588150
621.000000 0.588158
622.000000 0.588165
623.000000 0.588173
624.000000 0.588181
625.000000 0.588189
626.000000 0.588197
627.000000 0.588204
628.000000 0.588212
629.000000 0.588220
630.000000 0.588228
631.000000 0.588235
632.000000 0.588243
633.000000 0.588251
634.000000 0.588259
635.000000 0.588266
636.000000 0.588274
637.000000 0.588282
638.000000 0.588290
639.000000 0.588297
640.000000 0.588305
641.000000 0.588313
642.000000 0.588321
643.000000 0.588328
644.000000 0.588336
645.000000 0.588344
646.000000 0.588352
647.000000 0.588359
648.000000 0.588367
649.000000 0.588375
650.000000 0.588382
651.000000 0.588390
652.000000 0.588398
653.000000 0.588406
654.000000 0.588413
655.000000 0.588421
656.000000 0.588429
657.000000 0.588437
658.000000 0.588444
659.000000 0.588452
660.000000 0.588460
661.000000 0.588468
662.000000 0.588475
663.000000 0.588483
664.000000 0.588491
665.000000 0.588499
666.000000 0.588506
667.000000 0.588514
668.000000 0.588522
669.000000 0.588529
670.000000 0.588537
671.000000 0.588545
672.000000 0.588553
673.000000 0.588560
674.000000 0.588568
675.000000 0.588576
676.000000 0.588583
677.000000 0.588591
678.000000 0.588599
679.000000 0.588607
680.000000 0.588614
681.000000 0.588622
682.000000 0.588630
683.000000 0.588638
684.000000 0.588645
685.000000 0.588653
686.000000 0.588661
687.000000 0.588668
688.000000 0.588676
689.000000 0.588684
690.000000 0.588692
691.000000 0.588699
692.000000 0.588707
693.000000 0.588715
694.000000 0.588722
695.000000 0.588730
696.000000 0.588738
697.000000 0.588745
698.000000 0.588753
699.000000 0.588761
700.000000 0.588769
701.000000 0.588776
702.000000 0.588784
703.000000 0.588792
704.000000 0.588799
705.000000 0.588807
706.000000 0.588815
707.000000 0.588823
708.000000 0.588830
709.000000 0.588838
710.000000 0.588846
711.000000 0.588853
712.000000 0.588861
713.000000 0.588869
714.000000 0.588876
715.000000 0.588884
716.000000 0.588892
717.000000 0.588900
718.000000 0.588907
719.000000 0.588915
720.000000 0.588923
721.000000 0.588930
722.000000 0.588938
723.000000 0.588946
724.000000 0.588953
725.000000 0.588961
726.000000 0.588969
727.000000 0.588976
728.000000 0.588984
729.000000 0.588992
730.000000 0.588999
731.000000 0.589007
732.000000 0.589015
733.000000 0.589023
734.000000 0.589030
735.000000 0.589038
736.000000 0.589046
737.000000 0.589053
738.000000 0.589061
739.000000 0.589069
740.000000 0.589076
741.000000 0.589084
742.000000 0.589092
743.000000 0.589099
744.000000 0.589107
745.000000 0.589115
746.000000 0.589122
747.000000 0.589130
748.000000 0.589138
749.000000 0.589145
750.000000 0.589153
751.000000 0.589161
752.000000 0.589168
753.000000 0.589176
754.000000 0.589184
755.000000 0.589191
756.000000 0.589199
757.000000 0.589207
758.000000 0.589214
759.000000 0.589222
760.000000 0.589230
761.000000 0.589237
762.000000 0.589245
763.000000 0.589253
764.000000 0.589260
765.000000 0.589268
766.000000 0.589276
767.000000 0.589283
768.000000 0.589291
769.000000 0.589299
770.000000 0.589306
771.000000 0.589314
772.000000 0.589322
773.000000 0.589329
774.000000 0.589337
775.000000 0.589345
776.000000 0.589352
777.000000 0.589360
778.000000 0.589368
779.000000 0.589375
780.000000 0.589383
781.000000 0.589390
782.000000 0.589398
783.000000 0.589406
784.000000 0.589413
785.000000 0.589421
786.000000 0.589429
787.000000 0.589436
788.000000 0.589444
789.000000 0.589452
790.000000 0.589459
791.000000 0.589467
792.000000 0.589475
793.000000 0.589482
794.000000 0.589490
795.000000 0.589497
796.000000 0.589505
797.000000 0.589513
798.000000 0.589520
799.000000 0.589528
800.000000 0.589536
