# Field(V/nm) P_full(C/m^2)
-8.000000000000000000e+02 -5.895356775402283978e-01
-7.990000000000000000e+02 -5.895280410353536116e-01
-7.980000000000000000e+02 -5.895204038465495788e-01
-7.970000000000000000e+02 -5.895127659736753012e-01
-7.960000000000000000e+02 -5.895051274165802324e-01
-7.950000000000000000e+02 -5.894974881751150475e-01
-7.940000000000000000e+02 -5.894898482491326419e-01
-7.930000000000000000e+02 -5.894822076384843568e-01
-7.920000000000000000e+02 -5.894745663430187577e-01
-7.910000000000000000e+02 -5.894669243625895172e-01
-7.900000000000000000e+02 -5.894592816970481985e-01
-7.890000000000000000e+02 -5.894516383462454767e-01
-7.880000000000000000e+02 -5.894439943100300283e-01
-7.870000000000000000e+02 -5.894363495882554149e-01
-7.860000000000000000e+02 -5.894287041807698690e-01
-7.850000000000000000e+02 -5.894210580874279515e-01
-7.840000000000000000e+02 -5.894134113080761184e-01
-7.830000000000000000e+02 -5.894057638425643786e-01
-7.820000000000000000e+02 -5.893981156907465158e-01
-7.810000000000000000e+02 -5.893904668524722057e-01
-7.800000000000000000e+02 -5.893828173275899029e-01
-7.790000000000000000e+02 -5.893751671159509486e-01
-7.780000000000000000e+02 -5.893675162174044635e-01
-7.770000000000000000e+02 -5.893598646318007894e-01
-7.760000000000000000e+02 -5.893522123589896022e-01
-7.750000000000000000e+02 -5.893445593988206888e-01
-7.740000000000000000e+02 -5.893369057511433917e-01
-7.730000000000000000e+02 -5.893292514158067208e-01
-7.720000000000000000e+02 -5.893215963926609069e-01
-7.710000000000000000e+02 -5.893139406815569581e-01
-7.700000000000000000e+02 -5.893062842823403313e-01
-7.690000000000000000e+02 -5.892986271948666976e-01
-7.680000000000000000e+02 -5.892909694189758518e-01
-7.670000000000000000e+02 -5.892833109545225767e-01
-7.660000000000000000e+02 -5.892756518013555489e-01
-7.650000000000000000e+02 -5.892679919593251103e-01
-7.640000000000000000e+02 -5.892603314282743865e-01
-7.630000000000000000e+02 -5.892526702080556067e-01
-7.620000000000000000e+02 -5.892450082985175586e-01
-7.610000000000000000e+02 -5.892373456995093628e-01
-7.600000000000000000e+02 -5.892296824108768094e-01
-7.590000000000000000e+02 -5.892220184324675758e-01
-7.580000000000000000e+02 -5.892143537641351125e-01
-7.570000000000000000e+02 -5.892066884057223231e-01
-7.560000000000000000e+02 -5.891990223570776619e-01
-7.550000000000000000e+02 -5.891913556180521372e-01
-7.540000000000000000e+02 -5.891836881884897625e-01
-7.530000000000000000e+02 -5.891760200682406579e-01
-7.520000000000000000e+02 -5.891683512571516124e-01
-7.510000000000000000e+02 -5.891606817550721908e-01
-7.500000000000000000e+02 -5.891530115618451857e-01
-7.490000000000000000e+02 -5.891453406773228263e-01
-7.480000000000000000e+02 -5.891376691013472389e-01
-7.470000000000000000e+02 -5.891299968337696535e-01
-7.460000000000000000e+02 -5.891223238744349722e-01
-7.450000000000000000e+02 -5.891146502231936477e-01
-7.440000000000000000e+02 -5.891069758798884726e-01
-7.430000000000000000e+02 -5.890993008443660139e-01
-7.420000000000000000e+02 -5.890916251164747264e-01
-7.410000000000000000e+02 -5.890839486960613991e-01
-7.400000000000000000e+02 -5.890762715829731544e-01
-7.390000000000000000e+02 -5.890685937770536729e-01
-7.380000000000000000e+02 -5.890609152781510760e-01
-7.370000000000000000e+02 -5.890532360861105987e-01
-7.360000000000000000e+02 -5.890455562007790302e-01
-7.350000000000000000e+02 -5.890378756220044920e-01
-7.340000000000000000e+02 -5.890301943496283332e-01
-7.330000000000000000e+02 -5.890225123834995635e-01
-7.320000000000000000e+02 -5.890148297234623076e-01
-7.310000000000000000e+02 -5.890071463693632436e-01
-7.300000000000000000e+02 -5.889994623210469404e-01
-7.290000000000000000e+02 -5.889917775783587439e-01
-7.280000000000000000e+02 -5.889840921411461094e-01
-7.270000000000000000e+02 -5.889764060092520515e-01
-7.260000000000000000e+02 -5.889687191825226931e-01
-7.250000000000000000e+02 -5.889610316608021590e-01
-7.240000000000000000e+02 -5.889533434439374604e-01
-7.230000000000000000e+02 -5.889456545317705016e-01
-7.220000000000000000e+02 -5.889379649241466286e-01
-7.210000000000000000e+02 -5.889302746209136297e-01
-7.200000000000000000e+02 -5.889225836219134091e-01
-7.190000000000000000e+02 -5.889148919269904248e-01
-7.180000000000000000e+02 -5.889071995359903555e-01
-7.170000000000000000e+02 -5.888995064487556608e-01
-7.160000000000000000e+02 -5.888918126651324636e-01
-7.150000000000000000e+02 -5.888841181849644446e-01
-7.140000000000000000e+02 -5.888764230080922868e-01
-7.130000000000000000e+02 -5.888687271343651108e-01
-7.120000000000000000e+02 -5.888610305636228226e-01
-7.110000000000000000e+02 -5.888533332957107680e-01
-7.100000000000000000e+02 -5.888456353304735158e-01
-7.090000000000000000e+02 -5.888379366677535254e-01
-7.080000000000000000e+02 -5.888302373073915907e-01
-7.070000000000000000e+02 -5.888225372492362775e-01
-7.060000000000000000e+02 -5.888148364931276024e-01
-7.050000000000000000e+02 -5.888071350389085801e-01
-7.040000000000000000e+02 -5.887994328864226690e-01
-7.030000000000000000e+02 -5.887917300355134387e-01
-7.020000000000000000e+02 -5.887840264860227935e-01
-7.010000000000000000e+02 -5.887763222377935257e-01
-7.000000000000000000e+02 -5.887686172906702042e-01
-6.990000000000000000e+02 -5.887609116444935120e-01
-6.980000000000000000e+02 -5.887532052991064635e-01
-6.970000000000000000e+02 -5.887454982543492976e-01
-6.960000000000000000e+02 -5.887377905100676934e-01
-6.950000000000000000e+02 -5.887300820661036660e-01
-6.940000000000000000e+02 -5.887223729222947899e-01
-6.930000000000000000e+02 -5.887146630784888535e-01
-6.920000000000000000e+02 -5.887069525345238752e-01
-6.910000000000000000e+02 -5.886992412902439797e-01
-6.900000000000000000e+02 -5.886915293454880738e-01
-6.890000000000000000e+02 -5.886838167001005040e-01
-6.880000000000000000e+02 -5.886761033539216204e-01
-6.870000000000000000e+02 -5.886683893067925499e-01
-6.860000000000000000e+02 -5.886606745585541978e-01
-6.850000000000000000e+02 -5.886529591090484681e-01
-6.840000000000000000e+02 -5.886452429581160439e-01
-6.830000000000000000e+02 -5.886375261055998287e-01
-6.820000000000000000e+02 -5.886298085513373968e-01
-6.810000000000000000e+02 -5.886220902951725398e-01
-6.800000000000000000e+02 -5.886143713369428321e-01
-6.790000000000000000e+02 -5.886066516764921763e-01
-6.780000000000000000e+02 -5.885989313136593681e-01
-6.770000000000000000e+02 -5.885912102482848685e-01
-6.760000000000000000e+02 -5.885834884802098044e-01
-6.750000000000000000e+02 -5.885757660092720833e-01
-6.740000000000000000e+02 -5.885680428353147198e-01
-6.730000000000000000e+02 -5.885603189581752881e-01
-6.720000000000000000e+02 -5.885525943776961366e-01
-6.710000000000000000e+02 -5.885448690937181704e-01
-6.700000000000000000e+02 -5.885371431060748559e-01
-6.690000000000000000e+02 -5.885294164146107621e-01
-6.680000000000000000e+02 -5.885216890191650174e-01
-6.670000000000000000e+02 -5.885139609195751964e-01
-6.660000000000000000e+02 -5.885062321156826481e-01
-6.650000000000000000e+02 -5.884985026073248360e-01
-6.640000000000000000e+02 -5.884907723943428870e-01
-6.630000000000000000e+02 -5.884830414765742645e-01
-6.620000000000000000e+02 -5.884753098538590965e-01
-6.610000000000000000e+02 -5.884675775260335140e-01
-6.600000000000000000e+02 -5.884598444929401984e-01
-6.590000000000000000e+02 -5.884521107544132823e-01
-6.580000000000000000e+02 -5.884443763102947811e-01
-6.570000000000000000e+02 -5.884366411604226021e-01
-6.560000000000000000e+02 -5.884289053046347640e-01
-6.550000000000000000e+02 -5.884211687427672866e-01
-6.540000000000000000e+02 -5.884134314746645167e-01
-6.530000000000000000e+02 -5.884056935001554800e-01
-6.520000000000000000e+02 -5.883979548190824138e-01
-6.510000000000000000e+02 -5.883902154312853350e-01
-6.500000000000000000e+02 -5.883824753365999305e-01
-6.490000000000000000e+02 -5.883747345348648849e-01
-6.480000000000000000e+02 -5.883669930259172176e-01
-6.470000000000000000e+02 -5.883592508095916163e-01
-6.460000000000000000e+02 -5.883515078857290970e-01
-6.450000000000000000e+02 -5.883437642541643475e-01
-6.440000000000000000e+02 -5.883360199147378289e-01
-6.430000000000000000e+02 -5.883282748672814533e-01
-6.420000000000000000e+02 -5.883205291116355706e-01
-6.410000000000000000e+02 -5.883127826476365341e-01
-6.400000000000000000e+02 -5.883050354751210298e-01
-6.390000000000000000e+02 -5.882972875939250779e-01
-6.380000000000000000e+02 -5.882895390038848094e-01
-6.370000000000000000e+02 -5.882817897048393530e-01
-6.360000000000000000e+02 -5.882740396966216201e-01
-6.350000000000000000e+02 -5.882662889790656324e-01
-6.340000000000000000e+02 -5.882585375520154036e-01
-6.330000000000000000e+02 -5.882507854153007365e-01
-6.320000000000000000e+02 -5.882430325687586503e-01
-6.310000000000000000e+02 -5.882352790122249431e-01
-6.300000000000000000e+02 -5.882275247455359679e-01
-6.290000000000000000e+02 -5.882197697685256355e-01
-6.280000000000000000e+02 -5.882120140810327413e-01
-6.270000000000000000e+02 -5.882042576828890867e-01
-6.260000000000000000e+02 -5.881965005739299146e-01
-6.250000000000000000e+02 -5.881887427539951307e-01
-6.240000000000000000e+02 -5.881809842229102081e-01
-6.230000000000000000e+02 -5.881732249805208257e-01
-6.220000000000000000e+02 -5.881654650266548989e-01
-6.210000000000000000e+02 -5.881577043611502242e-01
-6.200000000000000000e+02 -5.881499429838379367e-01
-6.190000000000000000e+02 -5.881421808945558327e-01
-6.180000000000000000e+02 -5.881344180931357135e-01
-6.170000000000000000e+02 -5.881266545794152645e-01
-6.160000000000000000e+02 -5.881188903532230672e-01
-6.150000000000000000e+02 -5.881111254143993605e-01
-6.140000000000000000e+02 -5.881033597627741694e-01
-6.130000000000000000e+02 -5.880955933981797390e-01
-6.120000000000000000e+02 -5.880878263204520895e-01
-6.110000000000000000e+02 -5.880800585294254645e-01
-6.100000000000000000e+02 -5.880722900249319984e-01
-6.090000000000000000e+02 -5.880645208068032703e-01
-6.080000000000000000e+02 -5.880567508748758554e-01
-6.070000000000000000e+02 -5.880489802289806667e-01
-6.060000000000000000e+02 -5.880412088689513928e-01
-6.050000000000000000e+02 -5.880334367946187246e-01
-6.040000000000000000e+02 -5.880256640058151296e-01
-6.030000000000000000e+02 -5.880178905023779601e-01
-6.020000000000000000e+02 -5.880101162841330220e-01
-6.010000000000000000e+02 -5.880023413509167796e-01
-6.000000000000000000e+02 -5.879945657025608119e-01
-5.990000000000000000e+02 -5.879867893388941447e-01
-5.980000000000000000e+02 -5.879790122597519098e-01
-5.970000000000000000e+02 -5.879712344649621336e-01
-5.960000000000000000e+02 -5.879634559543592820e-01
-5.950000000000000000e+02 -5.879556767277721585e-01
-5.940000000000000000e+02 -5.879478967850350069e-01
-5.930000000000000000e+02 -5.879401161259756314e-01
-5.920000000000000000e+02 -5.879323347504271657e-01
-5.910000000000000000e+02 -5.879245526582160819e-01
-5.900000000000000000e+02 -5.879167698491784000e-01
-5.890000000000000000e+02 -5.879089863231394819e-01
-5.880000000000000000e+02 -5.879012020799335714e-01
-5.870000000000000000e+02 -5.878934171193858083e-01
-5.860000000000000000e+02 -5.878856314413318795e-01
-5.850000000000000000e+02 -5.878778450455949267e-01
-5.840000000000000000e+02 -5.878700579320076391e-01
-5.830000000000000000e+02 -5.878622701003979323e-01
-5.820000000000000000e+02 -5.878544815505931664e-01
-5.810000000000000000e+02 -5.878466922824270302e-01
-5.800000000000000000e+02 -5.878389022957217769e-01
-5.790000000000000000e+02 -5.878311115903070982e-01
-5.780000000000000000e+02 -5.878233201660120200e-01
-5.770000000000000000e+02 -5.878155280226637913e-01
-5.760000000000000000e+02 -5.878077351600891065e-01
-5.750000000000000000e+02 -5.877999415781147707e-01
-5.740000000000000000e+02 -5.877921472765693656e-01
-5.730000000000000000e+02 -5.877843522552739230e-01
-5.720000000000000000e+02 -5.877765565140595783e-01
-5.710000000000000000e+02 -5.877687600527502498e-01
-5.700000000000000000e+02 -5.877609628711714107e-01
-5.690000000000000000e+02 -5.877531649691455362e-01
-5.680000000000000000e+02 -5.877453663465005418e-01
-5.670000000000000000e+02 -5.877375670030587917e-01
-5.660000000000000000e+02 -5.877297669386427614e-01
-5.650000000000000000e+02 -5.877219661530784789e-01
-5.640000000000000000e+02 -5.877141646461851998e-01
-5.630000000000000000e+02 -5.877063624177852885e-01
-5.620000000000000000e+02 -5.876985594677042180e-01
-5.610000000000000000e+02 -5.876907557957590233e-01
-5.600000000000000000e+02 -5.876829514017708478e-01
-5.590000000000000000e+02 -5.876751462855595021e-01
-5.580000000000000000e+02 -5.876673404469474615e-01
-5.570000000000000000e+02 -5.876595338857478756e-01
-5.560000000000000000e+02 -5.876517266017818875e-01
-5.550000000000000000e+02 -5.876439185948645338e-01
-5.540000000000000000e+02 -5.876361098648135162e-01
-5.530000000000000000e+02 -5.876283004114434272e-01
-5.520000000000000000e+02 -5.876204902345677494e-01
-5.510000000000000000e+02 -5.876126793340005205e-01
-5.500000000000000000e+02 -5.876048677095538908e-01
-5.490000000000000000e+02 -5.875970553610387892e-01
-5.480000000000000000e+02 -5.875892422882658117e-01
-5.470000000000000000e+02 -5.875814284910471086e-01
-5.460000000000000000e+02 -5.875736139691871696e-01
-5.450000000000000000e+02 -5.875657987224897072e-01
-5.440000000000000000e+02 -5.875579827507655395e-01
-5.430000000000000000e+02 -5.875501660538144932e-01
-5.420000000000000000e+02 -5.875423486314375054e-01
-5.410000000000000000e+02 -5.875345304834379556e-01
-5.400000000000000000e+02 -5.875267116096112296e-01
-5.390000000000000000e+02 -5.875188920097571543e-01
-5.380000000000000000e+02 -5.875110716836671187e-01
-5.370000000000000000e+02 -5.875032506311342884e-01
-5.360000000000000000e+02 -5.874954288519472767e-01
-5.350000000000000000e+02 -5.874876063458963626e-01
-5.340000000000000000e+02 -5.874797831127644976e-01
-5.330000000000000000e+02 -5.874719591523361872e-01
-5.320000000000000000e+02 -5.874641344643888319e-01
-5.310000000000000000e+02 -5.874563090487003869e-01
-5.300000000000000000e+02 -5.874484829050417023e-01
-5.290000000000000000e+02 -5.874406560331846272e-01
-5.280000000000000000e+02 -5.874328284328960148e-01
-5.270000000000000000e+02 -5.874250001039349467e-01
-5.260000000000000000e+02 -5.874171710460613927e-01
-5.250000000000000000e+02 -5.874093412590292163e-01
-5.240000000000000000e+02 -5.874015107425856197e-01
-5.230000000000000000e+02 -5.873936794964754737e-01
-5.220000000000000000e+02 -5.873858475204396523e-01
-5.210000000000000000e+02 -5.873780148142082602e-01
-5.200000000000000000e+02 -5.873701813775104030e-01
-5.190000000000000000e+02 -5.873623472100663045e-01
-5.180000000000000000e+02 -5.873545123115900823e-01
-5.170000000000000000e+02 -5.873466766817863061e-01
-5.160000000000000000e+02 -5.873388403203582131e-01
-5.150000000000000000e+02 -5.873310032269964953e-01
-5.140000000000000000e+02 -5.873231654013798542e-01
-5.130000000000000000e+02 -5.873153268431895446e-01
-5.120000000000000000e+02 -5.873074875520806204e-01
-5.110000000000000000e+02 -5.872996475277137973e-01
-5.100000000000000000e+02 -5.872918067697271427e-01
-5.090000000000000000e+02 -5.872839652777545050e-01
-5.080000000000000000e+02 -5.872761230514123021e-01
-5.070000000000000000e+02 -5.872682800903069600e-01
-5.060000000000000000e+02 -5.872604363940273631e-01
-5.050000000000000000e+02 -5.872525919621544022e-01
-5.040000000000000000e+02 -5.872447467942443211e-01
-5.030000000000000000e+02 -5.872369008898419285e-01
-5.020000000000000000e+02 -5.872290542484706055e-01
-5.010000000000000000e+02 -5.872212068696441856e-01
-5.000000000000000000e+02 -5.872133587528383103e-01
-4.990000000000000000e+02 -5.872055098975258458e-01
-4.980000000000000000e+02 -5.871976603031437980e-01
-4.970000000000000000e+02 -5.871898099691099659e-01
-4.960000000000000000e+02 -5.871819588948149482e-01
-4.950000000000000000e+02 -5.871741070796243633e-01
-4.940000000000000000e+02 -5.871662545228686358e-01
-4.930000000000000000e+02 -5.871584012238507677e-01
-4.920000000000000000e+02 -5.871505471818405653e-01
-4.910000000000000000e+02 -5.871426923960714195e-01
-4.900000000000000000e+02 -5.871348368657390848e-01
-4.890000000000000000e+02 -5.871269805899997918e-01
-4.880000000000000000e+02 -5.871191235679623643e-01
-4.870000000000000000e+02 -5.871112657987003214e-01
-4.860000000000000000e+02 -5.871034072812270077e-01
-4.850000000000000000e+02 -5.870955480145134686e-01
-4.840000000000000000e+02 -5.870876879974715745e-01
-4.830000000000000000e+02 -5.870798272289549091e-01
-4.820000000000000000e+02 -5.870719657077601017e-01
-4.810000000000000000e+02 -5.870641034326065100e-01
-4.800000000000000000e+02 -5.870562404021537617e-01
-4.790000000000000000e+02 -5.870483766149848792e-01
-4.780000000000000000e+02 -5.870405120696019496e-01
-4.770000000000000000e+02 -5.870326467644232382e-01
-4.760000000000000000e+02 -5.870247806977756388e-01
-4.750000000000000000e+02 -5.870169138678891230e-01
-4.740000000000000000e+02 -5.870090462728954073e-01
-4.730000000000000000e+02 -5.870011779108192940e-01
-4.720000000000000000e+02 -5.869933087795662363e-01
-4.710000000000000000e+02 -5.869854388769170095e-01
-4.700000000000000000e+02 -5.869775682005303752e-01
-4.690000000000000000e+02 -5.869696967479184346e-01
-4.680000000000000000e+02 -5.869618245164477388e-01
-4.670000000000000000e+02 -5.869539515033284083e-01
-4.660000000000000000e+02 -5.869460777056043632e-01
-4.650000000000000000e+02 -5.869382031201416661e-01
-4.640000000000000000e+02 -5.869303277436125343e-01
-4.630000000000000000e+02 -5.869224515724927871e-01
-4.620000000000000000e+02 -5.869145746030394184e-01
-4.610000000000000000e+02 -5.869066968312878219e-01
-4.600000000000000000e+02 -5.868988182530235909e-01
-4.590000000000000000e+02 -5.868909388637787439e-01
-4.580000000000000000e+02 -5.868830586588087428e-01
-4.570000000000000000e+02 -5.868751776330758396e-01
-4.560000000000000000e+02 -5.868672957812340885e-01
-4.550000000000000000e+02 -5.868594130976022560e-01
-4.540000000000000000e+02 -5.868515295761477235e-01
-4.530000000000000000e+02 -5.868436452104703882e-01
-4.520000000000000000e+02 -5.868357599937600311e-01
-4.510000000000000000e+02 -5.868278739187876569e-01
-4.500000000000000000e+02 -5.868199869778758515e-01
-4.490000000000000000e+02 -5.868120991628591465e-01
-4.480000000000000000e+02 -5.868042104650667001e-01
-4.470000000000000000e+02 -5.867963208752823290e-01
-4.460000000000000000e+02 -5.867884303837087590e-01
-4.450000000000000000e+02 -5.867805389799326532e-01
-4.440000000000000000e+02 -5.867726466528920826e-01
-4.430000000000000000e+02 -5.867647533908167956e-01
-4.420000000000000000e+02 -5.867568591812042378e-01
-4.410000000000000000e+02 -5.867489640107547144e-01
-4.400000000000000000e+02 -5.867410678653319778e-01
-4.390000000000000000e+02 -5.867331707299073829e-01
-4.380000000000000000e+02 -5.867252725884974929e-01
-4.370000000000000000e+02 -5.867173734241050154e-01
-4.360000000000000000e+02 -5.867094732186602934e-01
-4.350000000000000000e+02 -5.867015719529441453e-01
-4.340000000000000000e+02 -5.866936696065201406e-01
-4.330000000000000000e+02 -5.866857661576494465e-01
-4.320000000000000000e+02 -5.866778615832167754e-01
-4.310000000000000000e+02 -5.866699558586362384e-01
-4.300000000000000000e+02 -5.866620489577574205e-01
-4.290000000000000000e+02 -5.866541408527655710e-01
-4.280000000000000000e+02 -5.866462315140789086e-01
-4.270000000000000000e+02 -5.866383209102241647e-01
-4.260000000000000000e+02 -5.866304090077308908e-01
-4.250000000000000000e+02 -5.866224957709923471e-01
-4.240000000000000000e+02 -5.866145811621340522e-01
-4.230000000000000000e+02 -5.866066651408636812e-01
-4.220000000000000000e+02 -5.865987476643206300e-01
-4.210000000000000000e+02 -5.865908286869065957e-01
-4.200000000000000000e+02 -5.865829081601191541e-01
-4.190000000000000000e+02 -5.865749860323548059e-01
-4.180000000000000000e+02 -5.865670622487157981e-01
-4.170000000000000000e+02 -5.865591367507975162e-01
-4.160000000000000000e+02 -5.865512094764676609e-01
-4.150000000000000000e+02 -5.865432803596266620e-01
-4.140000000000000000e+02 -5.865353493299435561e-01
-4.130000000000000000e+02 -5.865274163125975271e-01
-4.120000000000000000e+02 -5.865194812279821424e-01
-4.110000000000000000e+02 -5.865115439914069251e-01
-4.100000000000000000e+02 -5.865036045127607345e-01
-4.090000000000000000e+02 -5.864956626961732589e-01
-4.080000000000000000e+02 -5.864877184396387610e-01
-4.070000000000000000e+02 -5.864797716346331624e-01
-4.060000000000000000e+02 -5.864718221656827213e-01
-4.050000000000000000e+02 -5.864638699099324892e-01
-4.040000000000000000e+02 -5.864559147366635861e-01
-4.030000000000000000e+02 -5.864479565067916012e-01
-4.020000000000000000e+02 -5.864399950723333532e-01
-4.010000000000000000e+02 -5.864320302758344594e-01
-4.000000000000000000e+02 -5.864240619497590457e-01
-3.990000000000000000e+02 -5.864160899158541440e-01
-3.980000000000000000e+02 -5.864081139844488089e-01
-3.970000000000000000e+02 -5.864001339537342483e-01
-3.960000000000000000e+02 -5.863921496089797847e-01
-3.950000000000000000e+02 -5.863841607217066265e-01
-3.940000000000000000e+02 -5.863761670488070177e-01
-3.930000000000000000e+02 -5.863681683316042115e-01
-3.920000000000000000e+02 -5.863601642948608195e-01
-3.910000000000000000e+02 -5.863521546457101108e-01
-3.900000000000000000e+02 -5.863441390725310232e-01
-3.890000000000000000e+02 -5.863361172437460134e-01
-3.880000000000000000e+02 -5.863280888065406371e-01
-3.870000000000000000e+02 -5.863200533855013052e-01
-3.860000000000000000e+02 -5.863120105811745475e-01
-3.850000000000000000e+02 -5.863039599685145875e-01
-3.840000000000000000e+02 -5.862959010952532024e-01
-3.830000000000000000e+02 -5.862878334801528979e-01
-3.820000000000000000e+02 -5.862797566111431768e-01
-3.810000000000000000e+02 -5.862716699433603296e-01
-3.800000000000000000e+02 -5.862635728970274629e-01
-3.790000000000000000e+02 -5.862554648552341652e-01
-3.780000000000000000e+02 -5.862473451615412001e-01
-3.770000000000000000e+02 -5.862392131174607446e-01
-3.760000000000000000e+02 -5.862310679797535506e-01
-3.750000000000000000e+02 -5.862229089575663465e-01
-3.740000000000000000e+02 -5.862147352093752817e-01
-3.730000000000000000e+02 -5.862065458397452966e-01
-3.720000000000000000e+02 -5.861983398958687808e-01
-3.710000000000000000e+02 -5.861901163638946199e-01
-3.700000000000000000e+02 -5.861818741650146602e-01
-3.690000000000000000e+02 -5.861736121512951536e-01
-3.680000000000000000e+02 -5.861653291012651756e-01
-3.670000000000000000e+02 -5.861570237151817464e-01
-3.660000000000000000e+02 -5.861486946100247231e-01
-3.650000000000000000e+02 -5.861403403141682844e-01
-3.640000000000000000e+02 -5.861319592616902607e-01
-3.630000000000000000e+02 -5.861235497863371835e-01
-3.620000000000000000e+02 -5.861151101150915421e-01
-3.610000000000000000e+02 -5.861066383613372510e-01
-3.600000000000000000e+02 -5.860981325175722567e-01
-3.590000000000000000e+02 -5.860895904476690621e-01
-3.580000000000000000e+02 -5.860810098786323197e-01
-3.570000000000000000e+02 -5.860723883918276256e-01
-3.560000000000000000e+02 -5.860637234136530926e-01
-3.550000000000000000e+02 -5.860550122056030764e-01
-3.540000000000000000e+02 -5.860462518537170595e-01
-3.530000000000000000e+02 -5.860374392573246549e-01
-3.520000000000000000e+02 -5.860285711170906131e-01
-3.510000000000000000e+02 -5.860196439222867815e-01
-3.500000000000000000e+02 -5.860106539372489376e-01
-3.490000000000000000e+02 -5.860015971869664275e-01
-3.480000000000000000e+02 -5.859924694417514290e-01
-3.470000000000000000e+02 -5.859832662009202275e-01
-3.460000000000000000e+02 -5.859739826754440939e-01
-3.450000000000000000e+02 -5.859646137694617396e-01
-3.440000000000000000e+02 -5.859551540606503517e-01
-3.430000000000000000e+02 -5.859455977792946690e-01
-3.420000000000000000e+02 -5.859359387860452184e-01
-3.410000000000000000e+02 -5.859261705482470273e-01
-3.400000000000000000e+02 -5.859162861147537704e-01
-3.390000000000000000e+02 -5.859062780891186595e-01
-3.380000000000000000e+02 -5.858961386010890227e-01
-3.370000000000000000e+02 -5.858858592762598017e-01
-3.360000000000000000e+02 -5.858754312038058076e-01
-3.350000000000000000e+02 -5.858648449021205407e-01
-3.340000000000000000e+02 -5.858540902822915175e-01
-3.330000000000000000e+02 -5.858431566092091591e-01
-3.320000000000000000e+02 -5.858320324602154239e-01
-3.310000000000000000e+02 -5.858207056810865732e-01
-3.300000000000000000e+02 -5.858091633392250586e-01
-3.290000000000000000e+02 -5.857973916738294928e-01
-3.280000000000000000e+02 -5.857853760429222456e-01
-3.270000000000000000e+02 -5.857731008669518902e-01
-3.260000000000000000e+02 -5.857605495688198438e-01
-3.250000000000000000e+02 -5.857477045100730750e-01
-3.240000000000000000e+02 -5.857345469230106350e-01
-3.230000000000000000e+02 -5.857210568384813021e-01
-3.220000000000000000e+02 -5.857072130090520412e-01
-3.210000000000000000e+02 -5.856929928272814889e-01
-3.200000000000000000e+02 -5.856783722387993718e-01
-3.190000000000000000e+02 -5.856633256498154916e-01
-3.180000000000000000e+02 -5.856478258287685090e-01
-3.170000000000000000e+02 -5.856318438016767658e-01
-3.160000000000000000e+02 -5.856153487408608527e-01
-3.150000000000000000e+02 -5.855983078465528680e-01
-3.140000000000000000e+02 -5.855806862209972374e-01
-3.130000000000000000e+02 -5.855624467345325046e-01
-3.120000000000000000e+02 -5.855435498831788044e-01
-3.110000000000000000e+02 -5.855239536371583675e-01
-3.100000000000000000e+02 -5.855036132798260295e-01
-3.090000000000000000e+02 -5.854824812363534914e-01
-3.080000000000000000e+02 -5.854605068915930133e-01
-3.070000000000000000e+02 -5.854376363963545993e-01
-3.060000000000000000e+02 -5.854138124614729488e-01
-3.050000000000000000e+02 -5.853889741387959811e-01
-3.040000000000000000e+02 -5.853630565883909398e-01
-3.030000000000000000e+02 -5.853359908309969661e-01
-3.020000000000000000e+02 -5.853077034849123450e-01
-3.010000000000000000e+02 -5.852781164862669305e-01
-3.000000000000000000e+02 -5.852471467917220727e-01
-2.990000000000000000e+02 -5.852147060624558472e-01
-2.980000000000000000e+02 -5.851807003283225894e-01
-2.970000000000000000e+02 -5.851450296309567145e-01
-2.960000000000000000e+02 -5.851075876445381851e-01
-2.950000000000000000e+02 -5.850682612728286269e-01
-2.940000000000000000e+02 -5.850269302211016376e-01
-2.930000000000000000e+02 -5.849834665413672363e-01
-2.920000000000000000e+02 -5.849377341493513516e-01
-2.910000000000000000e+02 -5.848895883114814120e-01
-2.900000000000000000e+02 -5.848388751001242225e-01
-2.890000000000000000e+02 -5.847854308151555491e-01
-2.880000000000000000e+02 -5.847290813698907685e-01
-2.870000000000000000e+02 -5.846696416392881401e-01
-2.860000000000000000e+02 -5.846069147681726141e-01
-2.850000000000000000e+02 -5.845406914372149876e-01
-2.840000000000000000e+02 -5.844707490841908326e-01
-2.830000000000000000e+02 -5.843968510779731229e-01
-2.820000000000000000e+02 -5.843187458425683767e-01
-2.810000000000000000e+02 -5.842361659283856756e-01
-2.800000000000000000e+02 -5.841488270278099026e-01
-2.790000000000000000e+02 -5.840564269319806767e-01
-2.780000000000000000e+02 -5.839586444255999709e-01
-2.770000000000000000e+02 -5.838551381163999965e-01
-2.760000000000000000e+02 -5.837455451958277752e-01
-2.750000000000000000e+02 -5.836294801273359534e-01
-2.740000000000000000e+02 -5.835065332585295250e-01
-2.730000000000000000e+02 -5.833762693533564025e-01
-2.720000000000000000e+02 -5.832382260403344842e-01
-2.710000000000000000e+02 -5.830919121727752286e-01
-2.700000000000000000e+02 -5.829368060968070919e-01
-2.690000000000000000e+02 -5.827723538229632183e-01
-2.680000000000000000e+02 -5.825979670970158342e-01
-2.670000000000000000e+02 -5.824130213657108257e-01
-2.660000000000000000e+02 -5.822168536330095678e-01
-2.650000000000000000e+02 -5.820087602025068030e-01
-2.640000000000000000e+02 -5.817879943017119082e-01
-2.630000000000000000e+02 -5.815537635839798103e-01
-2.620000000000000000e+02 -5.813052275040350159e-01
-2.610000000000000000e+02 -5.810414945632353945e-01
-2.600000000000000000e+02 -5.807616194209642702e-01
-2.590000000000000000e+02 -5.804645998689443864e-01
-2.580000000000000000e+02 -5.801493736656326838e-01
-2.570000000000000000e+02 -5.798148152284571255e-01
-2.560000000000000000e+02 -5.794597321822601010e-01
-2.550000000000000000e+02 -5.790828617631463837e-01
-2.540000000000000000e+02 -5.786828670777962591e-01
-2.530000000000000000e+02 -5.782583332194651815e-01
-2.520000000000000000e+02 -5.778077632431386501e-01
-2.510000000000000000e+02 -5.773295740037948098e-01
-2.500000000000000000e+02 -5.768220918634520133e-01
-2.490000000000000000e+02 -5.762835482746692106e-01
-2.480000000000000000e+02 -5.757120752503841477e-01
-2.470000000000000000e+02 -5.751057007325519610e-01
-2.460000000000000000e+02 -5.744623438750063871e-01
-2.450000000000000000e+02 -5.737798102591132876e-01
-2.440000000000000000e+02 -5.730557870646207919e-01
-2.430000000000000000e+02 -5.722878382220821791e-01
-2.420000000000000000e+02 -5.714733995779015530e-01
-2.410000000000000000e+02 -5.706097741080451424e-01
-2.400000000000000000e+02 -5.696941272221234254e-01
-2.390000000000000000e+02 -5.687234822056695949e-01
-2.380000000000000000e+02 -5.676947158550639250e-01
-2.370000000000000000e+02 -5.666045543670468199e-01
-2.360000000000000000e+02 -5.654495695523995558e-01
-2.350000000000000000e+02 -5.642261754520552230e-01
-2.340000000000000000e+02 -5.629306254427713929e-01
-2.330000000000000000e+02 -5.615590099291487558e-01
-2.320000000000000000e+02 -5.601072547288080683e-01
-2.310000000000000000e+02 -5.585711202678768084e-01
-2.300000000000000000e+02 -5.569462017147871480e-01
-2.290000000000000000e+02 -5.552279301911889897e-01
-2.280000000000000000e+02 -5.534115752095868368e-01
-2.270000000000000000e+02 -5.514922484979695172e-01
-2.260000000000000000e+02 -5.494649093817682850e-01
-2.250000000000000000e+02 -5.473243719027111043e-01
-2.240000000000000000e+02 -5.450653138622287841e-01
-2.230000000000000000e+02 -5.426822879834056756e-01
-2.220000000000000000e+02 -5.401697353899050924e-01
-2.210000000000000000e+02 -5.375220016017312474e-01
-2.200000000000000000e+02 -5.347333552461247530e-01
-2.190000000000000000e+02 -5.317980096762174869e-01
-2.180000000000000000e+02 -5.287101476797185784e-01
-2.170000000000000000e+02 -5.254639494441915026e-01
-2.160000000000000000e+02 -5.220536239236043263e-01
-2.150000000000000000e+02 -5.184734437220186454e-01
-2.140000000000000000e+02 -5.147177835737398732e-01
-2.130000000000000000e+02 -5.107811624547931029e-01
-2.120000000000000000e+02 -5.066582893069160320e-01
-2.110000000000000000e+02 -5.023441122928608005e-01
-2.100000000000000000e+02 -4.978338714300870604e-01
-2.090000000000000000e+02 -4.931231543690595132e-01
-2.080000000000000000e+02 -4.882079549933199258e-01
-2.070000000000000000e+02 -4.830847344212318428e-01
-2.060000000000000000e+02 -4.777504838867840942e-01
-2.050000000000000000e+02 -4.722027888689033226e-01
-2.040000000000000000e+02 -4.664398937297446479e-01
-2.030000000000000000e+02 -4.604607660138551606e-01
-2.020000000000000000e+02 -4.542651594565448869e-01
-2.010000000000000000e+02 -4.478536746541172398e-01
-2.000000000000000000e+02 -4.412278162661885661e-01
-1.990000000000000000e+02 -4.343900455549539186e-01
-1.980000000000000000e+02 -4.273438270229118485e-01
-1.970000000000000000e+02 -4.200936678941352698e-01
-1.960000000000000000e+02 -4.126451491979449271e-01
-1.950000000000000000e+02 -4.050049472626910951e-01
-1.940000000000000000e+02 -3.971808445130012855e-01
-1.930000000000000000e+02 -3.891817285879564103e-01
-1.920000000000000000e+02 -3.810175789612721964e-01
-1.910000000000000000e+02 -3.726994404447822595e-01
-1.900000000000000000e+02 -3.642393831916543312e-01
-1.890000000000000000e+02 -3.556504490797995910e-01
-1.880000000000000000e+02 -3.469465846423792632e-01
-1.870000000000000000e+02 -3.381425610140299520e-01
-1.860000000000000000e+02 -3.292538816661121359e-01
-1.850000000000000000e+02 -3.202966790060051139e-01
-1.840000000000000000e+02 -3.112876011978847335e-01
-1.830000000000000000e+02 -3.022436908198559702e-01
-1.820000000000000000e+02 -2.931822571911731345e-01
-1.810000000000000000e+02 -2.841207443762236440e-01
-1.800000000000000000e+02 -2.750765969919418685e-01
-1.790000000000000000e+02 -2.660671260062141830e-01
-1.780000000000000000e+02 -2.571093767152306531e-01
-1.770000000000000000e+02 -2.482200010270931290e-01
-1.760000000000000000e+02 -2.394151360595008216e-01
-1.750000000000000000e+02 -2.307102908871168367e-01
-1.740000000000000000e+02 -2.221202430549915618e-01
-1.730000000000000000e+02 -2.136589462183496324e-01
-1.720000000000000000e+02 -2.053394499853896937e-01
-1.710000000000000000e+02 -1.971738327394842172e-01
-1.700000000000000000e+02 -1.891731479116744719e-01
-1.690000000000000000e+02 -1.813473838727299725e-01
-1.680000000000000000e+02 -1.737054373275681296e-01
-1.670000000000000000e+02 -1.662550998305102334e-01
-1.660000000000000000e+02 -1.590030568043870052e-01
-1.650000000000000000e+02 -1.519548982461366160e-01
-1.640000000000000000e+02 -1.451151401374582151e-01
-1.630000000000000000e+02 -1.384872554549039236e-01
-1.620000000000000000e+02 -1.320737135873064627e-01
-1.610000000000000000e+02 -1.258760269201110726e-01
-1.600000000000000000e+02 -1.198948033313360778e-01
-1.590000000000000000e+02 -1.141298033605444712e-01
-1.580000000000000000e+02 -1.085800008552858242e-01
-1.570000000000000000e+02 -1.032436459645222904e-01
-1.560000000000000000e+02 -9.811832943106674199e-02
-1.550000000000000000e+02 -9.320104723045323503e-02
-1.540000000000000000e+02 -8.848826470735693395e-02
-1.530000000000000000e+02 -8.397597946902765620e-02
-1.520000000000000000e+02 -7.965978240448343128e-02
-1.510000000000000000e+02 -7.553491630570829951e-02
-1.500000000000000000e+02 -7.159633167026453748e-02
-1.490000000000000000e+02 -6.783873936142041650e-02
-1.480000000000000000e+02 -6.425665989156358060e-02
-1.470000000000000000e+02 -6.084446917520529990e-02
-1.460000000000000000e+02 -5.759644066983334032e-02
-1.450000000000000000e+02 -5.450678388545510816e-02
-1.440000000000000000e+02 -5.156967929710348092e-02
-1.430000000000000000e+02 -4.877930973945381748e-02
-1.420000000000000000e+02 -4.612988839911365962e-02
-1.410000000000000000e+02 -4.361568354902353034e-02
-1.400000000000000000e+02 -4.123104019135839099e-02
-1.390000000000000000e+02 -3.897039879123236072e-02
-1.380000000000000000e+02 -3.682831129358293126e-02
-1.370000000000000000e+02 -3.479945462165513065e-02
-1.360000000000000000e+02 -3.287864185684949425e-02
-1.350000000000000000e+02 -3.106083129844496721e-02
-1.340000000000000000e+02 -2.934113359720120009e-02
-1.330000000000000000e+02 -2.771481715058020379e-02
-1.320000000000000000e+02 -2.617731193922611874e-02
-1.310000000000000000e+02 -2.472421197508060248e-02
-1.300000000000000000e+02 -2.335127652153029185e-02
-1.290000000000000000e+02 -2.205443023526687529e-02
-1.280000000000000000e+02 -2.082976236876939863e-02
-1.270000000000000000e+02 -1.967352516144310962e-02
-1.260000000000000000e+02 -1.858213153672342785e-02
-1.250000000000000000e+02 -1.755215221201310988e-02
-1.240000000000000000e+02 -1.658031231828798260e-02
-1.230000000000000000e+02 -1.566348761663033731e-02
-1.220000000000000000e+02 -1.479870038997114536e-02
-1.210000000000000000e+02 -1.398311507974997307e-02
-1.200000000000000000e+02 -1.321403372942503082e-02
-1.190000000000000000e+02 -1.248889128939542278e-02
-1.180000000000000000e+02 -1.180525083118879118e-02
-1.170000000000000000e+02 -1.116079871267121847e-02
-1.160000000000000000e+02 -1.055333973037998231e-02
-1.150000000000000000e+02 -9.980792290019708385e-03
-1.140000000000000000e+02 -9.441183621623721808e-03
-1.130000000000000000e+02 -8.932645061701601635e-03
-1.120000000000000000e+02 -8.453407421078812031e-03
-1.110000000000000000e+02 -8.001796453806813564e-03
-1.100000000000000000e+02 -7.576228439641833311e-03
-1.090000000000000000e+02 -7.175205890021682693e-03
-1.080000000000000000e+02 -6.797313385200490568e-03
-1.070000000000000000e+02 -6.441213548236347265e-03
-1.060000000000000000e+02 -6.105643159803716274e-03
-1.050000000000000000e+02 -5.789409416320640857e-03
-1.040000000000000000e+02 -5.491386332587382124e-03
-1.030000000000000000e+02 -5.210511289044345885e-03
-1.020000000000000000e+02 -4.945781722830164436e-03
-1.010000000000000000e+02 -4.696251961020865562e-03
-1.000000000000000000e+02 -4.461030193805414802e-03
-9.900000000000000000e+01 -4.239275584769454028e-03
-9.800000000000000000e+01 -4.030195515083108415e-03
-9.700000000000000000e+01 -3.833042957981137606e-03
-9.600000000000000000e+01 -3.647113979681773210e-03
-9.500000000000000000e+01 -3.471745362696100623e-03
-9.400000000000000000e+01 -3.306312347300197334e-03
-9.300000000000000000e+01 -3.150226486884442380e-03
-9.200000000000000000e+01 -3.002933612815413163e-03
-9.100000000000000000e+01 -2.863911904442783488e-03
-9.000000000000000000e+01 -2.732670059893428302e-03
-8.900000000000000000e+01 -2.608745563342238730e-03
-8.800000000000000000e+01 -2.491703044502890582e-03
-8.700000000000000000e+01 -2.381132726176896173e-03
-8.600000000000000000e+01 -2.276648955773005918e-03
-8.500000000000000000e+01 -2.177888816842436358e-03
-8.400000000000000000e+01 -2.084510816764907799e-03
-8.300000000000000000e+01 -1.996193646863234691e-03
-8.200000000000000000e+01 -1.912635011340229740e-03
-8.100000000000000000e+01 -1.833550521568304368e-03
-8.000000000000000000e+01 -1.758672652382417805e-03
-7.900000000000000000e+01 -1.687749757185490630e-03
-7.800000000000000000e+01 -1.620545138773767796e-03
-7.700000000000000000e+01 -1.556836172957151015e-03
-7.600000000000000000e+01 -1.496413482143152916e-03
-7.500000000000000000e+01 -1.439080156219711996e-03
-7.400000000000000000e+01 -1.384651018152900604e-03
-7.300000000000000000e+01 -1.332951931879526207e-03
-7.200000000000000000e+01 -1.283819150159906924e-03
-7.100000000000000000e+01 -1.237098700182886557e-03
-7.000000000000000000e+01 -1.192645804836154526e-03
-6.900000000000000000e+01 -1.150324337631559524e-03
-6.800000000000000000e+01 -1.110006309410417179e-03
-6.700000000000000000e+01 -1.071571385028234017e-03
-6.600000000000000000e+01 -1.034906428318509933e-03
-6.500000000000000000e+01 -9.999050737360675335e-04
-6.400000000000000000e+01 -9.664673231473313100e-04
-6.300000000000000000e+01 -9.344991663273035862e-04
-6.200000000000000000e+01 -9.039122238067076381e-04
-6.100000000000000000e+01 -8.746234107760125342e-04
-6.000000000000000000e+01 -8.465546208239059685e-04
-5.900000000000000000e+01 -8.196324283703643968e-04
-5.800000000000000000e+01 -7.937878086998374641e-04
-5.700000000000000000e+01 -7.689558745680408029e-04
-5.600000000000000000e+01 -7.450756284207631173e-04
-5.500000000000000000e+01 -7.220897293045885944e-04
-5.400000000000000000e+01 -6.999442736086726978e-04
-5.300000000000000000e+01 -6.785885888295973200e-04
-5.200000000000000000e+01 -6.579750395836530749e-04
-5.100000000000000000e+01 -6.380588451516106376e-04
-5.000000000000000000e+01 -6.187979078725289227e-04
-4.900000000000000000e+01 -6.001526517424264759e-04
-4.800000000000000000e+01 -5.820858706117032618e-04
-4.700000000000000000e+01 -5.645625854181264168e-04
-4.600000000000000000e+01 -5.475499099098632069e-04
-4.500000000000000000e+01 -5.310169243557548479e-04
-4.400000000000000000e+01 -5.149345567694415182e-04
-4.300000000000000000e+01 -4.992754711921032181e-04
-4.200000000000000000e+01 -4.840139626178990634e-04
-4.100000000000000000e+01 -4.691258581547849498e-04
-4.000000000000000000e+01 -4.545884240599329124e-04
-3.900000000000000000e+01 -4.403802782777400796e-04
-3.800000000000000000e+01 -4.264813081674175672e-04
-3.700000000000000000e+01 -4.128725930915030473e-04
-3.600000000000000000e+01 -3.995363315824838868e-04
-3.500000000000000000e+01 -3.864557727974738126e-04
-3.400000000000000000e+01 -3.736151520135769580e-04
-3.300000000000000000e+01 -3.609996299035661332e-04
-3.200000000000000000e+01 -3.485952353718549195e-04
-3.100000000000000000e+01 -3.363888117241867464e-04
-3.000000000000000000e+01 -3.243679659674035521e-04
-2.900000000000000000e+01 -3.125210210486533921e-04
-2.800000000000000000e+01 -3.008369708438099845e-04
-2.700000000000000000e+01 -2.893054377315398265e-04
-2.600000000000000000e+01 -2.779166325820930038e-04
-2.500000000000000000e+01 -2.666613170119412342e-04
-2.400000000000000000e+01 -2.555307677613216557e-04
-2.300000000000000000e+01 -2.445167430493497664e-04
-2.200000000000000000e+01 -2.336114507885173508e-04
-2.100000000000000000e+01 -2.228075185286499727e-04
-2.000000000000000000e+01 -2.120979650165847751e-04
-1.900000000000000000e+01 -2.014761732683716762e-04
-1.800000000000000000e+01 -1.909358650338098149e-04
-1.700000000000000000e+01 -1.804710765787370316e-04
-1.600000000000000000e+01 -1.700761356730970137e-04
-1.500000000000000000e+01 -1.597456397017095009e-04
-1.400000000000000000e+01 -1.494744348169271733e-04
-1.300000000000000000e+01 -1.392575960506122401e-04
-1.200000000000000000e+01 -1.290904083058194382e-04
-1.100000000000000000e+01 -1.189683481588943908e-04
-1.000000000000000000e+01 -1.088870664039800823e-04
-9.000000000000000000e+00 -9.884237126283599878e-05
-8.000000000000000000e+00 -8.883021220766662877e-05
-7.000000000000000000e+00 -7.884666432512694252e-05
-6.000000000000000000e+00 -6.888791316671704008e-05
-5.000000000000000000e+00 -5.895024002360061430e-05
-4.000000000000000000e+00 -4.903000757316167157e-05
-3.000000000000000000e+00 -3.912364583665628784e-05
-2.000000000000000000e+00 -2.922763839805153440e-05
-1.000000000000000000e+00 -1.933850882885083258e-05
0.000000000000000000e+00 -9.452807270264130128e-06
1.000000000000000000e+00 4.329028891732089895e-07
2.000000000000000000e+00 1.032205827600568664e-05
3.000000000000000000e+00 2.021810880369999256e-05
4.000000000000000000e+00 3.012453098618155613e-05
5.000000000000000000e+00 4.004484136168541173e-05
6.000000000000000000e+00 4.998261006736248269e-05
7.000000000000000000e+00 5.994147462181694002e-05
8.000000000000000000e+00 6.992515396651231537e-05
9.000000000000000000e+00 7.993746282439543032e-05
1.000000000000000000e+01 8.998232641987926521e-05
1.100000000000000000e+01 1.000637956376020880e-04
1.200000000000000000e+01 1.101860626554696307e-04
1.300000000000000000e+01 1.203534771266315300e-04
1.400000000000000000e+01 1.305705629693236025e-04
1.500000000000000000e+01 1.408420358276394843e-04
1.600000000000000000e+01 1.511728212711175277e-04
1.700000000000000000e+01 1.615680738061864860e-04
1.800000000000000000e+01 1.720331967679723155e-04
1.900000000000000000e+01 1.825738631712700577e-04
2.000000000000000000e+01 1.931960376046054357e-04
2.100000000000000000e+01 2.039059992464345862e-04
2.200000000000000000e+01 2.147103660862938841e-04
2.300000000000000000e+01 2.256161204671135688e-04
2.400000000000000000e+01 2.366306360183927538e-04
2.500000000000000000e+01 2.477617061034452332e-04
2.600000000000000000e+01 2.590175738794908071e-04
2.700000000000000000e+01 2.704069640955345248e-04
2.800000000000000000e+01 2.819391167375042513e-04
2.900000000000000000e+01 2.936238226655982588e-04
3.000000000000000000e+01 3.054714613659773536e-04
3.100000000000000000e+01 3.174930409708323219e-04
3.200000000000000000e+01 3.297002406964461094e-04
3.300000000000000000e+01 3.421054558656325606e-04
3.400000000000000000e+01 3.547218456772908437e-04
3.500000000000000000e+01 3.675633839263056277e-04
3.600000000000000000e+01 3.806449128378671678e-04
3.700000000000000000e+01 3.939822002574139195e-04
3.800000000000000000e+01 4.075920003801239617e-04
3.900000000000000000e+01 4.214921182822582648e-04
4.000000000000000000e+01 4.357014784760753650e-04
4.100000000000000000e+01 4.502401977690736589e-04
4.200000000000000000e+01 4.651296626921689334e-04
4.300000000000000000e+01 4.803926117983689688e-04
4.400000000000000000e+01 4.960532231456476733e-04
4.500000000000000000e+01 5.121372072887227190e-04
4.600000000000000000e+01 5.286719061455545134e-04
4.700000000000000000e+01 5.456863981017586775e-04
4.800000000000000000e+01 5.632116097604979383e-04
4.900000000000000000e+01 5.812804347489742250e-04
5.000000000000000000e+01 5.999278600490474869e-04
5.100000000000000000e+01 6.191911003097117644e-04
5.200000000000000000e+01 6.391097406572911503e-04
5.300000000000000000e+01 6.597258885429632767e-04
5.400000000000000000e+01 6.810843351903785861e-04
5.500000000000000000e+01 7.032327272542449222e-04
5.600000000000000000e+01 7.262217493310411031e-04
5.700000000000000000e+01 7.501053180039792033e-04
5.800000000000000000e+01 7.749407881399543452e-04
5.900000000000000000e+01 8.007891722180530709e-04
6.000000000000000000e+01 8.277153734877571323e-04
6.100000000000000000e+01 8.557884338278384665e-04
6.200000000000000000e+01 8.850817972214345027e-04
6.300000000000000000e+01 9.156735898115497384e-04
6.400000000000000000e+01 9.476469175615859697e-04
6.500000000000000000e+01 9.810901826153559969e-04
6.600000000000000000e+01 1.016097419502913404e-03
6.700000000000000000e+01 1.052768652406633641e-03
6.800000000000000000e+01 1.091210274787639267e-03
6.900000000000000000e+01 1.131535452722997465e-03
7.000000000000000000e+01 1.173864553407929666e-03
7.100000000000000000e+01 1.218325600336834418e-03
7.200000000000000000e+01 1.265054756777880211e-03
7.300000000000000000e+01 1.314196839241240419e-03
7.400000000000000000e+01 1.365905862730071134e-03
7.500000000000000000e+01 1.420345619668425888e-03
7.600000000000000000e+01 1.477690294501321370e-03
7.700000000000000000e+01 1.538125116059363504e-03
7.800000000000000000e+01 1.601847049906650420e-03
7.900000000000000000e+01 1.669065532986484116e-03
8.000000000000000000e+01 1.740003253009795789e-03
8.100000000000000000e+01 1.814896975152568374e-03
8.200000000000000000e+01 1.893998418740915242e-03
8.300000000000000000e+01 1.977575186741902403e-03
8.400000000000000000e+01 2.065911751005198270e-03
8.500000000000000000e+01 2.159310496330555003e-03
8.600000000000000000e+01 2.258092826565892292e-03
8.700000000000000000e+01 2.362600336079304433e-03
8.800000000000000000e+01 2.473196050084829935e-03
8.900000000000000000e+01 2.590265737412285330e-03
9.000000000000000000e+01 2.714219299466566048e-03
9.100000000000000000e+01 2.845492239225744496e-03
9.200000000000000000e+01 2.984547214242905255e-03
9.300000000000000000e+01 3.131875677736489002e-03
9.400000000000000000e+01 3.287999611935949178e-03
9.500000000000000000e+01 3.453473357934689139e-03
9.600000000000000000e+01 3.628885546370500155e-03
9.700000000000000000e+01 3.814861133284694599e-03
9.800000000000000000e+01 4.012063545536393577e-03
9.900000000000000000e+01 4.221196940126201690e-03
1.000000000000000000e+02 4.443008581727632238e-03
1.010000000000000000e+02 4.678291342650262551e-03
1.020000000000000000e+02 4.927886329278445034e-03
1.030000000000000000e+02 5.192685638850773333e-03
1.040000000000000000e+02 5.473635250176244436e-03
1.050000000000000000e+02 5.771738051506617763e-03
1.060000000000000000e+02 6.088057008381222816e-03
1.070000000000000000e+02 6.423718473693421430e-03
1.080000000000000000e+02 6.779915641594444313e-03
1.090000000000000000e+02 7.157912146045844470e-03
1.100000000000000000e+02 7.559045803919366320e-03
1.110000000000000000e+02 7.984732501434136862e-03
1.120000000000000000e+02 8.436470221438622380e-03
1.130000000000000000e+02 8.915843207561181469e-03
1.140000000000000000e+02 9.424526259524005495e-03
1.150000000000000000e+02 9.964289151946364650e-03
1.160000000000000000e+02 1.053700116671076395e-02
1.170000000000000000e+02 1.114463572635896078e-02
1.180000000000000000e+02 1.178927511314173220e-02
1.190000000000000000e+02 1.247311525500005222e-02
1.200000000000000000e+02 1.319847055611036123e-02
1.210000000000000000e+02 1.396777874550671379e-02
1.220000000000000000e+02 1.478360571268542284e-02
1.230000000000000000e+02 1.564865029406306215e-02
1.240000000000000000e+02 1.656574896851343431e-02
1.250000000000000000e+02 1.753788041408433154e-02
1.260000000000000000e+02 1.856816987126860830e-02
1.270000000000000000e+02 1.965989325090807677e-02
1.280000000000000000e+02 2.081648091689583535e-02
1.290000000000000000e+02 2.204152106538995529e-02
1.300000000000000000e+02 2.333876261322284998e-02
1.310000000000000000e+02 2.471211749856840403e-02
1.320000000000000000e+02 2.616566228695896973e-02
1.330000000000000000e+02 2.770363896524628139e-02
1.340000000000000000e+02 2.933045479541830647e-02
1.350000000000000000e+02 3.105068108928588783e-02
1.360000000000000000e+02 3.286905075420890748e-02
1.370000000000000000e+02 3.479045444946955029e-02
1.380000000000000000e+02 3.681993518276586996e-02
1.390000000000000000e+02 3.896268116711523732e-02
1.400000000000000000e+02 4.122401675041099250e-02
1.410000000000000000e+02 4.360939122337988139e-02
1.420000000000000000e+02 4.612436530762872161e-02
1.430000000000000000e+02 4.877459512368158279e-02
1.440000000000000000e+02 5.156581344081936219e-02
1.450000000000000000e+02 5.450380801609334969e-02
1.460000000000000000e+02 5.759439684036771895e-02
1.470000000000000000e+02 6.084340012504316914e-02
1.480000000000000000e+02 6.425660888507216117e-02
1.490000000000000000e+02 6.783975000274680700e-02
1.500000000000000000e+02 7.159844769345694027e-02
1.510000000000000000e+02 7.553818133925482847e-02
1.520000000000000000e+02 7.966423970966925172e-02
1.530000000000000000e+02 8.398167165191239292e-02
1.540000000000000000e+02 8.849523340453725739e-02
1.550000000000000000e+02 9.320933276926944566e-02
1.560000000000000000e+02 9.812797046552669544e-02
1.570000000000000000e+02 1.032546790886546412e-01
1.580000000000000000e+02 1.085924601964498581e-01
1.590000000000000000e+02 1.141437201559236392e-01
1.600000000000000000e+02 1.199102054914854831e-01
1.610000000000000000e+02 1.258929385842936510e-01
1.620000000000000000e+02 1.320921546760347731e-01
1.630000000000000000e+02 1.385072412259273911e-01
1.640000000000000000e+02 1.451366807520020064e-01
1.650000000000000000e+02 1.519779983528792289e-01
1.660000000000000000e+02 1.590277151491444330e-01
1.670000000000000000e+02 1.662813088997942834e-01
1.680000000000000000e+02 1.737331830345338057e-01
1.690000000000000000e+02 1.813766452938144202e-01
1.700000000000000000e+02 1.892038970820773824e-01
1.710000000000000000e+02 1.972060345149165284e-01
1.720000000000000000e+02 2.053730619769744137e-01
1.730000000000000000e+02 2.136939188063415873e-01
1.740000000000000000e+02 2.221565194856786607e-01
1.750000000000000000e+02 2.307478074559918824e-01
1.760000000000000000e+02 2.394538223817699041e-01
1.770000000000000000e+02 2.482597803950231663e-01
1.780000000000000000e+02 2.571501665397542546e-01
1.790000000000000000e+02 2.661088383383106715e-01
1.800000000000000000e+02 2.751191391175756840e-01
1.810000000000000000e+02 2.841640194764289418e-01
1.820000000000000000e+02 2.932261650577795420e-01
1.830000000000000000e+02 3.022881286155059133e-01
1.840000000000000000e+02 3.113324642483292770e-01
1.850000000000000000e+02 3.203418616116074924e-01
1.860000000000000000e+02 3.292992779192618902e-01
1.870000000000000000e+02 3.381880656091851289e-01
1.880000000000000000e+02 3.469920936657816535e-01
1.890000000000000000e+02 3.556958607665001715e-01
1.900000000000000000e+02 3.642845986389009472e-01
1.910000000000000000e+02 3.727443642714754479e-01
1.920000000000000000e+02 3.810621199054922692e-01
1.930000000000000000e+02 3.892258000355627856e-01
1.940000000000000000e+02 3.972243649524722087e-01
1.950000000000000000e+02 4.050478406629752781e-01
1.960000000000000000e+02 4.126873453078662712e-01
1.970000000000000000e+02 4.201351024637012266e-01
1.980000000000000000e+02 4.273844419481711010e-01
1.990000000000000000e+02 4.344297889495749021e-01
2.000000000000000000e+02 4.412666424641045193e-01
2.010000000000000000e+02 4.478915441483958815e-01
2.020000000000000000e+02 4.543020387805000726e-01
2.030000000000000000e+02 4.604966275709431733e-01
2.040000000000000000e+02 4.664747155789826794e-01
2.050000000000000000e+02 4.722365544727817332e-01
2.060000000000000000e+02 4.777831818284470344e-01
2.070000000000000000e+02 4.831163580977503313e-01
2.080000000000000000e+02 4.882385022912584804e-01
2.090000000000000000e+02 4.931526273283044493e-01
2.100000000000000000e+02 4.978622759013703880e-01
2.110000000000000000e+02 5.023714575938790228e-01
2.120000000000000000e+02 5.066845878812520354e-01
2.130000000000000000e+02 5.108064295374940000e-01
2.140000000000000000e+02 5.147420368666580925e-01
2.150000000000000000e+02 5.184967030814975342e-01
2.160000000000000000e+02 5.220759110625942112e-01
2.170000000000000000e+02 5.254852876504054748e-01
2.180000000000000000e+02 5.287305615509679813e-01
2.190000000000000000e+02 5.318175248736358718e-01
2.200000000000000000e+02 5.347519982657507054e-01
2.210000000000000000e+02 5.375397995644755067e-01
2.220000000000000000e+02 5.401867158497613008e-01
2.230000000000000000e+02 5.426984787535303889e-01
2.240000000000000000e+02 5.450807428583143155e-01
2.250000000000000000e+02 5.473390670029699701e-01
2.260000000000000000e+02 5.494788983027160123e-01
2.270000000000000000e+02 5.515055586851346225e-01
2.280000000000000000e+02 5.534242337421926283e-01
2.290000000000000000e+02 5.552399636998993637e-01
2.300000000000000000e+02 5.569576363114914219e-01
2.310000000000000000e+02 5.585819814865936594e-01
2.320000000000000000e+02 5.601175674767318036e-01
2.330000000000000000e+02 5.615687984469363014e-01
2.340000000000000000e+02 5.629399132732041400e-01
2.350000000000000000e+02 5.642349854162088674e-01
2.360000000000000000e+02 5.654579237325427776e-01
2.370000000000000000e+02 5.666124740955298389e-01
2.380000000000000000e+02 5.677022217084999323e-01
2.390000000000000000e+02 5.687305940037648000e-01
2.400000000000000000e+02 5.697008640305626370e-01
2.410000000000000000e+02 5.706161542448828783e-01
2.420000000000000000e+02 5.714794406230008228e-01
2.430000000000000000e+02 5.722935570290688112e-01
2.440000000000000000e+02 5.730611997750278963e-01
2.450000000000000000e+02 5.737849323183177308e-01
2.460000000000000000e+02 5.744671900496012285e-01
2.470000000000000000e+02 5.751102851289060514e-01
2.480000000000000000e+02 5.757164113340812461e-01
2.490000000000000000e+02 5.762876488906503170e-01
2.500000000000000000e+02 5.768259692565894659e-01
2.510000000000000000e+02 5.773332398397901244e-01
2.520000000000000000e+02 5.778112286295327138e-01
2.530000000000000000e+02 5.782616087266501115e-01
2.540000000000000000e+02 5.786859627599217903e-01
2.550000000000000000e+02 5.790857871788094302e-01
2.560000000000000000e+02 5.794624964148812341e-01
2.570000000000000000e+02 5.798174269063091080e-01
2.580000000000000000e+02 5.801518409814355737e-01
2.590000000000000000e+02 5.804669305989825778e-01
2.600000000000000000e+02 5.807638209437012700e-01
2.610000000000000000e+02 5.810435738773883640e-01
2.620000000000000000e+02 5.813071912460819890e-01
2.630000000000000000e+02 5.815556180450954793e-01
2.640000000000000000e+02 5.817897454441175453e-01
2.650000000000000000e+02 5.820104136752252133e-01
2.660000000000000000e+02 5.822184147870262949e-01
2.670000000000000000e+02 5.824144952685531562e-01
2.680000000000000000e+02 5.825993585467430513e-01
2.690000000000000000e+02 5.827736673615681040e-01
2.700000000000000000e+02 5.829380460230765282e-01
2.710000000000000000e+02 5.830930825545723728e-01
2.720000000000000000e+02 5.832393307263556981e-01
2.730000000000000000e+02 5.833773119843504995e-01
2.740000000000000000e+02 5.835075172780198605e-01
2.750000000000000000e+02 5.836304087918315897e-01
2.760000000000000000e+02 5.837464215845660220e-01
2.770000000000000000e+02 5.838559651406187712e-01
2.780000000000000000e+02 5.839594248373777274e-01
2.790000000000000000e+02 5.840571633326336887e-01
2.800000000000000000e+02 5.841495218758802066e-01
2.810000000000000000e+02 5.842368215472467652e-01
2.820000000000000000e+02 5.843193644276346577e-01
2.830000000000000000e+02 5.843974347035585382e-01
2.840000000000000000e+02 5.844712997100142138e-01
2.850000000000000000e+02 5.845412109145737833e-01
2.860000000000000000e+02 5.846074048458081984e-01
2.870000000000000000e+02 5.846701039689347068e-01
2.880000000000000000e+02 5.847295175115514443e-01
2.890000000000000000e+02 5.847858422420900704e-01
2.900000000000000000e+02 5.848392632035878114e-01
2.910000000000000000e+02 5.848899544051995303e-01
2.920000000000000000e+02 5.849380794737707445e-01
2.930000000000000000e+02 5.849837922676799362e-01
2.940000000000000000e+02 5.850272374550473664e-01
2.950000000000000000e+02 5.850685510583004678e-01
2.960000000000000000e+02 5.851078609669911890e-01
2.970000000000000000e+02 5.851452874206402033e-01
2.980000000000000000e+02 5.851809434633241658e-01
2.990000000000000000e+02 5.852149353716011859e-01
3.000000000000000000e+02 5.852473630572985197e-01
3.010000000000000000e+02 5.852783204466105449e-01
3.020000000000000000e+02 5.853078958368466145e-01
3.030000000000000000e+02 5.853361722321499538e-01
3.040000000000000000e+02 5.853632276593662143e-01
3.050000000000000000e+02 5.853891354652497325e-01
3.060000000000000000e+02 5.854139645960558802e-01
3.070000000000000000e+02 5.854377798605593375e-01
3.080000000000000000e+02 5.854606421774892766e-01
3.090000000000000000e+02 5.854826088082483171e-01
3.100000000000000000e+02 5.855037335757976580e-01
3.110000000000000000e+02 5.855240670705480488e-01
3.120000000000000000e+02 5.855436568439570388e-01
3.130000000000000000e+02 5.855625475906280908e-01
3.140000000000000000e+02 5.855807813195212930e-01
3.150000000000000000e+02 5.855983975149789966e-01
3.160000000000000000e+02 5.856154332881196023e-01
3.170000000000000000e+02 5.856319235192081196e-01
3.180000000000000000e+02 5.856479009914958844e-01
3.190000000000000000e+02 5.856633965170866540e-01
3.200000000000000000e+02 5.856784390552538522e-01
3.210000000000000000e+02 5.856930558236899120e-01
3.220000000000000000e+02 5.857072724030877309e-01
3.230000000000000000e+02 5.857211128354692375e-01
3.240000000000000000e+02 5.857345997166149010e-01
3.250000000000000000e+02 5.857477542829629957e-01
3.260000000000000000e+02 5.857605964932893761e-01
3.270000000000000000e+02 5.857731451055057104e-01
3.280000000000000000e+02 5.857854177488261982e-01
3.290000000000000000e+02 5.857974309916380573e-01
3.300000000000000000e+02 5.858092004052669610e-01
3.310000000000000000e+02 5.858207406239449577e-01
3.320000000000000000e+02 5.858320654011490713e-01
3.330000000000000000e+02 5.858431876625809220e-01
3.340000000000000000e+02 5.858541195559485715e-01
3.350000000000000000e+02 5.858648724977733036e-01
3.360000000000000000e+02 5.858754572173676678e-01
3.370000000000000000e+02 5.858858837981855139e-01
3.380000000000000000e+02 5.858961617166702496e-01
3.390000000000000000e+02 5.859062998787940568e-01
3.400000000000000000e+02 5.859163066543695564e-01
3.410000000000000000e+02 5.859261899093300974e-01
3.420000000000000000e+02 5.859359570360355152e-01
3.430000000000000000e+02 5.859456149817915405e-01
3.440000000000000000e+02 5.859551702756222724e-01
3.450000000000000000e+02 5.859646290534519242e-01
3.460000000000000000e+02 5.859739970817685606e-01
3.470000000000000000e+02 5.859832797798543158e-01
3.480000000000000000e+02 5.859924822406930023e-01
3.490000000000000000e+02 5.860016092506109553e-01
3.500000000000000000e+02 5.860106653077360450e-01
3.510000000000000000e+02 5.860196546393475758e-01
3.520000000000000000e+02 5.860285812181851295e-01
3.530000000000000000e+02 5.860374487777730845e-01
3.540000000000000000e+02 5.860462608268187656e-01
3.550000000000000000e+02 5.860550206627536118e-01
3.560000000000000000e+02 5.860637313844512253e-01
3.570000000000000000e+02 5.860723959041788111e-01
3.580000000000000000e+02 5.860810169588461793e-01
3.590000000000000000e+02 5.860895971205482002e-01
3.600000000000000000e+02 5.860981388064995246e-01
3.610000000000000000e+02 5.861066442883591243e-01
3.620000000000000000e+02 5.861151157009893975e-01
3.630000000000000000e+02 5.861235550507010172e-01
3.640000000000000000e+02 5.861319642229901872e-01
3.650000000000000000e+02 5.861403449898148210e-01
3.660000000000000000e+02 5.861486990164336275e-01
3.670000000000000000e+02 5.861570278678227552e-01
3.680000000000000000e+02 5.861653330147271745e-01
3.690000000000000000e+02 5.861736158393268115e-01
3.700000000000000000e+02 5.861818776405760545e-01
3.710000000000000000e+02 5.861901196392020896e-01
3.720000000000000000e+02 5.861983429824396685e-01
3.730000000000000000e+02 5.862065487484350301e-01
3.740000000000000000e+02 5.862147379504188960e-01
3.750000000000000000e+02 5.862229115406095703e-01
3.760000000000000000e+02 5.862310704138874451e-01
3.770000000000000000e+02 5.862392154112556764e-01
3.780000000000000000e+02 5.862473473230743748e-01
3.790000000000000000e+02 5.862554668921200474e-01
3.800000000000000000e+02 5.862635748164441996e-01
3.810000000000000000e+02 5.862716717520717324e-01
3.820000000000000000e+02 5.862797583155243686e-01
3.830000000000000000e+02 5.862878350862118504e-01
3.840000000000000000e+02 5.862959026086563830e-01
3.850000000000000000e+02 5.863039613945987272e-01
3.860000000000000000e+02 5.863120119249735085e-01
3.870000000000000000e+02 5.863200546517568501e-01
3.880000000000000000e+02 5.863280899997198592e-01
3.890000000000000000e+02 5.863361183680652067e-01
3.900000000000000000e+02 5.863441401319574586e-01
3.910000000000000000e+02 5.863521556439854621e-01
3.920000000000000000e+02 5.863601652355139304e-01
3.930000000000000000e+02 5.863681692179564253e-01
3.940000000000000000e+02 5.863761678839913838e-01
3.950000000000000000e+02 5.863841615086760051e-01
3.960000000000000000e+02 5.863921503505148403e-01
3.970000000000000000e+02 5.864001346524573277e-01
3.980000000000000000e+02 5.864081146428306024e-01
3.990000000000000000e+02 5.864160905362232334e-01
4.000000000000000000e+02 5.864240625343107860e-01
4.010000000000000000e+02 5.864320308266349757e-01
4.020000000000000000e+02 5.864399955913334184e-01
4.030000000000000000e+02 5.864479569958268579e-01
4.040000000000000000e+02 5.864559151974642059e-01
4.050000000000000000e+02 5.864638703441293899e-01
4.060000000000000000e+02 5.864718225748133396e-01
4.070000000000000000e+02 5.864797720201424536e-01
4.080000000000000000e+02 5.864877188028961852e-01
4.090000000000000000e+02 5.864956630384631220e-01
4.100000000000000000e+02 5.865036048352952891e-01
4.110000000000000000e+02 5.865115442953284797e-01
4.120000000000000000e+02 5.865194815143669471e-01
4.130000000000000000e+02 5.865274165824558850e-01
4.140000000000000000e+02 5.865353495842339226e-01
4.150000000000000000e+02 5.865432805992506493e-01
4.160000000000000000e+02 5.865512097022723692e-01
4.170000000000000000e+02 5.865591369635814178e-01
4.180000000000000000e+02 5.865670624492307361e-01
4.190000000000000000e+02 5.865749862213130994e-01
4.200000000000000000e+02 5.865829083381894904e-01
4.210000000000000000e+02 5.865908288547205807e-01
4.220000000000000000e+02 5.865987478224677920e-01
4.230000000000000000e+02 5.866066652899080136e-01
4.240000000000000000e+02 5.866145813025998024e-01
4.250000000000000000e+02 5.866224959033746744e-01
4.260000000000000000e+02 5.866304091325007519e-01
4.270000000000000000e+02 5.866383210278204308e-01
4.280000000000000000e+02 5.866462316249163589e-01
4.290000000000000000e+02 5.866541409572381127e-01
4.300000000000000000e+02 5.866620490562320933e-01
4.310000000000000000e+02 5.866699559514629847e-01
4.320000000000000000e+02 5.866778616707207794e-01
4.330000000000000000e+02 5.866857662401389062e-01
4.340000000000000000e+02 5.866936696842857124e-01
4.350000000000000000e+02 5.867015720262612755e-01
4.360000000000000000e+02 5.867094732877838892e-01
4.370000000000000000e+02 5.867173734892803250e-01
4.380000000000000000e+02 5.867252726499511128e-01
4.390000000000000000e+02 5.867331707878586933e-01
4.400000000000000000e+02 5.867410679199841494e-01
4.410000000000000000e+02 5.867489640622953750e-01
4.420000000000000000e+02 5.867568592298140207e-01
4.430000000000000000e+02 5.867647534366683404e-01
4.440000000000000000e+02 5.867726466961441512e-01
4.450000000000000000e+02 5.867805390207367910e-01
4.460000000000000000e+02 5.867884304222054093e-01
4.470000000000000000e+02 5.867963209116081602e-01
4.480000000000000000e+02 5.868042104993438368e-01
4.490000000000000000e+02 5.868120991952103793e-01
4.500000000000000000e+02 5.868199870084115366e-01
4.510000000000000000e+02 5.868278739476135986e-01
4.520000000000000000e+02 5.868357600209735958e-01
4.530000000000000000e+02 5.868436452361672773e-01
4.540000000000000000e+02 5.868515296004143122e-01
4.550000000000000000e+02 5.868594131205222553e-01
4.560000000000000000e+02 5.868672958028841036e-01
4.570000000000000000e+02 5.868751776535344744e-01
4.580000000000000000e+02 5.868830586781405012e-01
4.590000000000000000e+02 5.868909388820520157e-01
4.600000000000000000e+02 5.868988182702985501e-01
4.610000000000000000e+02 5.869066968476215340e-01
4.620000000000000000e+02 5.869145746184893930e-01
4.630000000000000000e+02 5.869224515871056536e-01
4.640000000000000000e+02 5.869303277574409172e-01
4.650000000000000000e+02 5.869382031332304184e-01
4.660000000000000000e+02 5.869460777179981159e-01
4.670000000000000000e+02 5.869539515150635767e-01
4.680000000000000000e+02 5.869618245275659563e-01
4.690000000000000000e+02 5.869696967584534519e-01
4.700000000000000000e+02 5.869775682105161652e-01
4.710000000000000000e+02 5.869854388863885442e-01
4.720000000000000000e+02 5.869933087885512712e-01
4.730000000000000000e+02 5.870011779193452517e-01
4.740000000000000000e+02 5.870090462809901544e-01
4.750000000000000000e+02 5.870169138755758631e-01
4.760000000000000000e+02 5.870247807050806843e-01
4.770000000000000000e+02 5.870326467713665730e-01
4.780000000000000000e+02 5.870405120762074436e-01
4.790000000000000000e+02 5.870483766212726273e-01
4.800000000000000000e+02 5.870562404081378638e-01
4.810000000000000000e+02 5.870641034383057288e-01
4.820000000000000000e+02 5.870719657131910907e-01
4.830000000000000000e+02 5.870798272341366530e-01
4.840000000000000000e+02 5.870876880024153976e-01
4.850000000000000000e+02 5.870955480192350251e-01
4.860000000000000000e+02 5.871034072857377328e-01
4.870000000000000000e+02 5.871112658030135378e-01
4.880000000000000000e+02 5.871191235720899515e-01
4.890000000000000000e+02 5.871269805939498543e-01
4.900000000000000000e+02 5.871348368695247233e-01
4.910000000000000000e+02 5.871426923997025149e-01
4.920000000000000000e+02 5.871505471853253333e-01
4.930000000000000000e+02 5.871584012271969799e-01
4.940000000000000000e+02 5.871662545260848409e-01
4.950000000000000000e+02 5.871741070827174447e-01
4.960000000000000000e+02 5.871819588977946758e-01
4.970000000000000000e+02 5.871898099719787822e-01
4.980000000000000000e+02 5.871976603059108069e-01
4.990000000000000000e+02 5.872055099001981526e-01
5.000000000000000000e+02 5.872133587554196898e-01
5.010000000000000000e+02 5.872212068721374134e-01
5.020000000000000000e+02 5.872290542508883382e-01
5.030000000000000000e+02 5.872369008921816125e-01
5.040000000000000000e+02 5.872447467965116186e-01
5.050000000000000000e+02 5.872525919643544201e-01
5.060000000000000000e+02 5.872604363961657636e-01
5.070000000000000000e+02 5.872682800923855195e-01
5.080000000000000000e+02 5.872761230534343513e-01
5.090000000000000000e+02 5.872839652797245957e-01
5.100000000000000000e+02 5.872918067716484947e-01
5.110000000000000000e+02 5.872996475295881869e-01
5.120000000000000000e+02 5.873074875539103790e-01
5.130000000000000000e+02 5.873153268449763376e-01
5.140000000000000000e+02 5.873231654031314530e-01
5.150000000000000000e+02 5.873310032287079041e-01
5.160000000000000000e+02 5.873388403220357601e-01
5.170000000000000000e+02 5.873466766834323227e-01
5.180000000000000000e+02 5.873545123132031254e-01
5.190000000000000000e+02 5.873623472116512589e-01
5.200000000000000000e+02 5.873701813790682680e-01
5.210000000000000000e+02 5.873780148157414782e-01
5.220000000000000000e+02 5.873858475219484454e-01
5.230000000000000000e+02 5.873936794979645049e-01
5.240000000000000000e+02 5.874015107440511141e-01
5.250000000000000000e+02 5.874093412604739495e-01
5.260000000000000000e+02 5.874171710474866970e-01
5.270000000000000000e+02 5.874250001053431536e-01
5.280000000000000000e+02 5.874328284342881235e-01
5.290000000000000000e+02 5.874406560345618589e-01
5.300000000000000000e+02 5.874484829064032798e-01
5.310000000000000000e+02 5.874563090500470874e-01
5.320000000000000000e+02 5.874641344657226538e-01
5.330000000000000000e+02 5.874719591536561314e-01
5.340000000000000000e+02 5.874797831140756710e-01
5.350000000000000000e+02 5.874876063471957677e-01
5.360000000000000000e+02 5.874954288532364677e-01
5.370000000000000000e+02 5.875032506324111559e-01
5.380000000000000000e+02 5.875110716849341053e-01
5.390000000000000000e+02 5.875188920110180346e-01
5.400000000000000000e+02 5.875267116108648935e-01
5.410000000000000000e+02 5.875345304846839589e-01
5.420000000000000000e+02 5.875423486326766254e-01
5.430000000000000000e+02 5.875501660550459526e-01
5.440000000000000000e+02 5.875579827519914478e-01
5.450000000000000000e+02 5.875657987237093982e-01
5.460000000000000000e+02 5.875736139703985339e-01
5.470000000000000000e+02 5.875814284922556974e-01
5.480000000000000000e+02 5.875892422894709588e-01
5.490000000000000000e+02 5.875970553622369419e-01
5.500000000000000000e+02 5.876048677107468254e-01
5.510000000000000000e+02 5.876126793351895694e-01
5.520000000000000000e+02 5.876204902357502480e-01
5.530000000000000000e+02 5.876283004126262588e-01
5.540000000000000000e+02 5.876361098659912408e-01
5.550000000000000000e+02 5.876439185960390388e-01
5.560000000000000000e+02 5.876517266029528397e-01
5.570000000000000000e+02 5.876595338869179397e-01
5.580000000000000000e+02 5.876673404481141949e-01
5.590000000000000000e+02 5.876751462867264575e-01
5.600000000000000000e+02 5.876829514029331403e-01
5.610000000000000000e+02 5.876907557969184293e-01
5.620000000000000000e+02 5.876985594688617365e-01
5.630000000000000000e+02 5.877063624189422519e-01
5.640000000000000000e+02 5.877141646473387215e-01
5.650000000000000000e+02 5.877219661542305573e-01
5.660000000000000000e+02 5.877297669397951729e-01
5.670000000000000000e+02 5.877375670042066513e-01
5.680000000000000000e+02 5.877453663476498447e-01
5.690000000000000000e+02 5.877531649702918415e-01
5.700000000000000000e+02 5.877609628723166058e-01
5.710000000000000000e+02 5.877687600538938906e-01
5.720000000000000000e+02 5.877765565152029970e-01
5.730000000000000000e+02 5.877843522564178969e-01
5.740000000000000000e+02 5.877921472777091205e-01
5.750000000000000000e+02 5.877999415792561910e-01
5.760000000000000000e+02 5.878077351612288615e-01
5.770000000000000000e+02 5.878155280238016589e-01
5.780000000000000000e+02 5.878233201671494434e-01
5.790000000000000000e+02 5.878311115914438556e-01
5.800000000000000000e+02 5.878389022968574240e-01
5.810000000000000000e+02 5.878466922835607900e-01
5.820000000000000000e+02 5.878544815517294797e-01
5.830000000000000000e+02 5.878622701015325802e-01
5.840000000000000000e+02 5.878700579331394005e-01
5.850000000000000000e+02 5.878778450467293526e-01
5.860000000000000000e+02 5.878856314424647511e-01
5.870000000000000000e+02 5.878934171205210113e-01
5.880000000000000000e+02 5.879012020810662209e-01
5.890000000000000000e+02 5.879089863242713543e-01
5.900000000000000000e+02 5.879167698503090511e-01
5.910000000000000000e+02 5.879245526593477322e-01
5.920000000000000000e+02 5.879323347515571507e-01
5.930000000000000000e+02 5.879401161271047282e-01
5.940000000000000000e+02 5.879478967861658800e-01
5.950000000000000000e+02 5.879556767289019215e-01
5.960000000000000000e+02 5.879634559554882678e-01
5.970000000000000000e+02 5.879712344660912304e-01
5.980000000000000000e+02 5.879790122608807845e-01
5.990000000000000000e+02 5.879867893400235745e-01
6.000000000000000000e+02 5.879945657036897977e-01
6.010000000000000000e+02 5.880023413520462094e-01
6.020000000000000000e+02 5.880101162852611196e-01
6.030000000000000000e+02 5.880178905035067238e-01
6.040000000000000000e+02 5.880256640069446705e-01
6.050000000000000000e+02 5.880334367957468222e-01
6.060000000000000000e+02 5.880412088700809337e-01
6.070000000000000000e+02 5.880489802301089863e-01
6.080000000000000000e+02 5.880567508760035089e-01
6.090000000000000000e+02 5.880645208079319231e-01
6.100000000000000000e+02 5.880722900260598740e-01
6.110000000000000000e+02 5.880800585305517858e-01
6.120000000000000000e+02 5.880878263215801871e-01
6.130000000000000000e+02 5.880955933993066154e-01
6.140000000000000000e+02 5.881033597638999355e-01
6.150000000000000000e+02 5.881111254155267920e-01
6.160000000000000000e+02 5.881188903543517199e-01
6.170000000000000000e+02 5.881266545805422519e-01
6.180000000000000000e+02 5.881344180942650324e-01
6.190000000000000000e+02 5.881421808956822650e-01
6.200000000000000000e+02 5.881499429849658123e-01
6.210000000000000000e+02 5.881577043622783219e-01
6.220000000000000000e+02 5.881654650277826635e-01
6.230000000000000000e+02 5.881732249816483682e-01
6.240000000000000000e+02 5.881809842240400821e-01
6.250000000000000000e+02 5.881887427551223402e-01
6.260000000000000000e+02 5.881965005750586784e-01
6.270000000000000000e+02 5.882042576840165182e-01
6.280000000000000000e+02 5.882120140821587295e-01
6.290000000000000000e+02 5.882197697696538441e-01
6.300000000000000000e+02 5.882275247466642876e-01
6.310000000000000000e+02 5.882352790133537068e-01
6.320000000000000000e+02 5.882430325698863038e-01
6.330000000000000000e+02 5.882507854164282790e-01
6.340000000000000000e+02 5.882585375531437233e-01
6.350000000000000000e+02 5.882662889801957284e-01
6.360000000000000000e+02 5.882740396977487185e-01
6.370000000000000000e+02 5.882817897059663403e-01
6.380000000000000000e+02 5.882895390050130180e-01
6.390000000000000000e+02 5.882972875950535085e-01
6.400000000000000000e+02 5.883050354762491274e-01
6.410000000000000000e+02 5.883127826487652978e-01
6.420000000000000000e+02 5.883205291127640013e-01
6.430000000000000000e+02 5.883282748684079966e-01
6.440000000000000000e+02 5.883360199158643722e-01
6.450000000000000000e+02 5.883437642552922231e-01
6.460000000000000000e+02 5.883515078868568615e-01
6.470000000000000000e+02 5.883592508107197139e-01
6.480000000000000000e+02 5.883669930270440940e-01
6.490000000000000000e+02 5.883747345359932046e-01
6.500000000000000000e+02 5.883824753377308037e-01
6.510000000000000000e+02 5.883902154324148759e-01
6.520000000000000000e+02 5.883979548202119547e-01
6.530000000000000000e+02 5.884056935012834666e-01
6.540000000000000000e+02 5.884134314757902828e-01
6.550000000000000000e+02 5.884211687438958283e-01
6.560000000000000000e+02 5.884289053057623065e-01
6.570000000000000000e+02 5.884366411615498116e-01
6.580000000000000000e+02 5.884443763114236559e-01
6.590000000000000000e+02 5.884521107555432673e-01
6.600000000000000000e+02 5.884598444940677409e-01
6.610000000000000000e+02 5.884675775271602793e-01
6.620000000000000000e+02 5.884753098549873052e-01
6.630000000000000000e+02 5.884830414777034724e-01
6.640000000000000000e+02 5.884907723954712067e-01
6.650000000000000000e+02 5.884985026084534887e-01
6.660000000000000000e+02 5.885062321168101906e-01
6.670000000000000000e+02 5.885139609207019618e-01
6.680000000000000000e+02 5.885216890202928930e-01
6.690000000000000000e+02 5.885294164157383046e-01
6.700000000000000000e+02 5.885371431072029536e-01
6.710000000000000000e+02 5.885448690948454908e-01
6.720000000000000000e+02 5.885525943788268988e-01
6.730000000000000000e+02 5.885603189593057172e-01
6.740000000000000000e+02 5.885680428364437056e-01
6.750000000000000000e+02 5.885757660104008471e-01
6.760000000000000000e+02 5.885834884813390122e-01
6.770000000000000000e+02 5.885912102494148535e-01
6.780000000000000000e+02 5.885989313147884650e-01
6.790000000000000000e+02 5.886066516776207180e-01
6.800000000000000000e+02 5.886143713380715958e-01
6.810000000000000000e+02 5.886220902963006374e-01
6.820000000000000000e+02 5.886298085524643842e-01
6.830000000000000000e+02 5.886375261067269271e-01
6.840000000000000000e+02 5.886452429592443636e-01
6.850000000000000000e+02 5.886529591101767878e-01
6.860000000000000000e+02 5.886606745596815182e-01
6.870000000000000000e+02 5.886683893079198704e-01
6.880000000000000000e+02 5.886761033550499400e-01
6.890000000000000000e+02 5.886838167012280465e-01
6.900000000000000000e+02 5.886915293466172816e-01
6.910000000000000000e+02 5.886992412913714112e-01
6.920000000000000000e+02 5.887069525356533051e-01
6.930000000000000000e+02 5.887146630796176172e-01
6.940000000000000000e+02 5.887223729234245528e-01
6.950000000000000000e+02 5.887300820672319857e-01
6.960000000000000000e+02 5.887377905111969012e-01
6.970000000000000000e+02 5.887454982554790606e-01
6.980000000000000000e+02 5.887532053002344501e-01
6.990000000000000000e+02 5.887609116456217206e-01
7.000000000000000000e+02 5.887686172917989680e-01
7.010000000000000000e+02 5.887763222389225115e-01
7.020000000000000000e+02 5.887840264871520013e-01
7.030000000000000000e+02 5.887917300366420914e-01
7.040000000000000000e+02 5.887994328875505445e-01
7.050000000000000000e+02 5.888071350400357895e-01
7.060000000000000000e+02 5.888148364942544788e-01
7.070000000000000000e+02 5.888225372503643751e-01
7.080000000000000000e+02 5.888302373085213537e-01
7.090000000000000000e+02 5.888379366688812899e-01
7.100000000000000000e+02 5.888456353316012803e-01
7.110000000000000000e+02 5.888533332968409750e-01
7.120000000000000000e+02 5.888610305647514753e-01
7.130000000000000000e+02 5.888687271354933195e-01
7.140000000000000000e+02 5.888764230092213836e-01
7.150000000000000000e+02 5.888841181860917651e-01
7.160000000000000000e+02 5.888918126662611163e-01
7.170000000000000000e+02 5.888995064498844245e-01
7.180000000000000000e+02 5.889071995371194523e-01
7.190000000000000000e+02 5.889148919281210759e-01
7.200000000000000000e+02 5.889225836230410627e-01
7.210000000000000000e+02 5.889302746220413942e-01
7.220000000000000000e+02 5.889379649252763915e-01
7.230000000000000000e+02 5.889456545328980441e-01
7.240000000000000000e+02 5.889533434450654470e-01
7.250000000000000000e+02 5.889610316619308117e-01
7.260000000000000000e+02 5.889687191836510127e-01
7.270000000000000000e+02 5.889764060103807042e-01
7.280000000000000000e+02 5.889840921422730968e-01
7.290000000000000000e+02 5.889917775794872856e-01
7.300000000000000000e+02 5.889994623221739278e-01
7.310000000000000000e+02 5.890071463704910082e-01
7.320000000000000000e+02 5.890148297245912934e-01
7.330000000000000000e+02 5.890225123846272171e-01
7.340000000000000000e+02 5.890301943507563198e-01
7.350000000000000000e+02 5.890378756231309243e-01
7.360000000000000000e+02 5.890455562019083491e-01
7.370000000000000000e+02 5.890532360872405837e-01
7.380000000000000000e+02 5.890609152792798398e-01
7.390000000000000000e+02 5.890685937781814374e-01
7.400000000000000000e+02 5.890762715841003638e-01
7.410000000000000000e+02 5.890839486971914951e-01
7.420000000000000000e+02 5.890916251176021579e-01
7.430000000000000000e+02 5.890993008454933344e-01
7.440000000000000000e+02 5.891069758810147938e-01
7.450000000000000000e+02 5.891146502243224115e-01
7.460000000000000000e+02 5.891223238755646241e-01
7.470000000000000000e+02 5.891299968348978622e-01
7.480000000000000000e+02 5.891376691024754475e-01
7.490000000000000000e+02 5.891453406784493696e-01
7.500000000000000000e+02 5.891530115629722841e-01
7.510000000000000000e+02 5.891606817561982901e-01
7.520000000000000000e+02 5.891683512582813753e-01
7.530000000000000000e+02 5.891760200693699767e-01
7.540000000000000000e+02 5.891836881896186373e-01
7.550000000000000000e+02 5.891913556191797907e-01
7.560000000000000000e+02 5.891990223582060926e-01
7.570000000000000000e+02 5.892066884068487553e-01
7.580000000000000000e+02 5.892143537652632101e-01
7.590000000000000000e+02 5.892220184335964506e-01
7.600000000000000000e+02 5.892296824120015764e-01
7.610000000000000000e+02 5.892373457006362392e-01
7.620000000000000000e+02 5.892450082996462113e-01
7.630000000000000000e+02 5.892526702091827051e-01
7.640000000000000000e+02 5.892603314294013739e-01
7.650000000000000000e+02 5.892679919604502103e-01
7.660000000000000000e+02 5.892756518024842016e-01
7.670000000000000000e+02 5.892833109556493421e-01
7.680000000000000000e+02 5.892909694201031723e-01
7.690000000000000000e+02 5.892986271959929079e-01
7.700000000000000000e+02 5.893062842834677628e-01
7.710000000000000000e+02 5.893139406826836124e-01
7.720000000000000000e+02 5.893215963937896706e-01
7.730000000000000000e+02 5.893292514169325980e-01
7.740000000000000000e+02 5.893369057522701571e-01
7.750000000000000000e+02 5.893445593999457888e-01
7.760000000000000000e+02 5.893522123601171447e-01
7.770000000000000000e+02 5.893598646329274438e-01
7.780000000000000000e+02 5.893675162185331162e-01
7.790000000000000000e+02 5.893751671170769368e-01
7.800000000000000000e+02 5.893828173287174454e-01
7.810000000000000000e+02 5.893904668535997482e-01
7.820000000000000000e+02 5.893981156918755016e-01
7.830000000000000000e+02 5.894057638436924762e-01
7.840000000000000000e+02 5.894134113092027727e-01
7.850000000000000000e+02 5.894210580885531625e-01
7.860000000000000000e+02 5.894287041818969675e-01
7.870000000000000000e+02 5.894363495893826244e-01
7.880000000000000000e+02 5.894439943111582370e-01
7.890000000000000000e+02 5.894516383473713539e-01
7.900000000000000000e+02 5.894592816981774064e-01
7.910000000000000000e+02 5.894669243637185030e-01
7.920000000000000000e+02 5.894745663441467443e-01
7.930000000000000000e+02 5.894822076396091237e-01
7.940000000000000000e+02 5.894898482502591852e-01
7.950000000000000000e+02 5.894974881762430341e-01
7.960000000000000000e+02 5.895051274177065537e-01
7.970000000000000000e+02 5.895127659748008453e-01
7.980000000000000000e+02 5.895204038476760111e-01
7.990000000000000000e+02 5.895280410364779344e-01
8.000000000000000000e+02 5.895356775413558292e-01
