# x psi2_state_0 psi2_state_1 psi2_state_2 psi2_state_3 psi2_state_4 psi2_state_5 psi2_state_6
-5.704130679999999676e-02 0.000000000000000000e+00 0.000000000000000000e+00 0.000000000000000000e+00 0.000000000000000000e+00 0.000000000000000000e+00 0.000000000000000000e+00 0.000000000000000000e+00
-5.647089379999999798e-02 0.000000000000000000e+00 2.431670478309679473e-32 1.433734119246417235e-32 4.851481498327607152e-33 4.770914283544444666e-34 1.157538245252421562e-34 1.018250873366722349e-32
-5.590048069999999786e-02 1.037297249159638617e-32 5.387643930462055241e-33 1.122293281243789861e-31 0.000000000000000000e+00 2.238381970831422253e-33 2.464163905205448273e-33 1.096497684162872762e-32
-5.533006759999999774e-02 1.622020215133283479e-32 4.131325522034975373e-34 2.590816505727736833e-32 1.472446991357853535e-32 1.257669760291564700e-32 4.970496943414720552e-32 6.415285976218700841e-32
-5.475965459999999896e-02 4.247233270272689347e-32 5.329638290018873743e-32 2.040493910799947489e-34 1.136371998312266953e-32 1.362154932084586134e-33 1.128858589260630707e-32 3.351819468986098821e-33
-5.418924149999999884e-02 1.116239894569264695e-32 1.066372374025029347e-32 5.472972987385291767e-33 1.640583554943996080e-32 9.822704037261827966e-33 3.695484210509367695e-34 7.990778183484329673e-33
-5.361882839999999872e-02 5.665517884412227038e-33 9.719512380348205515e-33 7.004415955303613232e-34 5.335365043607569040e-32 1.115190561670194194e-31 3.450544953994894229e-33 2.614576642762899457e-32
-5.304841539999999994e-02 1.406393626950920921e-32 1.520774430346842576e-32 5.704826843958852267e-33 8.369993569699874857e-32 5.063518682074666839e-34 3.396004974680918571e-33 6.694270207135671141e-33
-5.247800229999999982e-02 8.519161093120474373e-33 4.023302657889947618e-33 8.985275902688335328e-32 2.366782505214551814e-34 2.538005430570057306e-33 6.277686099588209254e-34 2.831893775497155386e-33
-5.190758919999999971e-02 6.060077637862512654e-32 2.150927247810837380e-32 2.502090287154157767e-34 7.061274248819903987e-35 4.316292576125860144e-37 2.373036387935449527e-32 1.091529299667971921e-33
-5.133717620000000093e-02 8.199649583145034838e-33 9.168282963748228503e-32 6.806802027925058934e-32 2.558130409613494796e-33 7.760516470052304809e-34 1.300680399990828789e-32 3.879463800235235116e-33
-5.076676310000000081e-02 8.894199369424218766e-33 1.813874697817308000e-32 4.163677583250433224e-33 1.732146136173822206e-35 4.509921697047868411e-33 4.497162693248799619e-34 6.712036727076189693e-33
-5.019635000000000069e-02 7.851509190237118220e-34 8.981169538762587640e-33 7.882999010437923049e-33 1.582551916798075328e-34 2.388698727291266264e-32 5.297123556257166277e-35 4.268284874139443629e-34
-4.962593690000000057e-02 1.146390733033208748e-32 2.906589751106141367e-32 3.899663671970696746e-32 3.769365667046582926e-33 5.270690672447385070e-33 4.125335719877831907e-32 2.121760339193782314e-31
-4.905552390000000179e-02 9.441834330872047437e-34 1.663107348191891574e-32 2.712985915822753569e-33 4.509403228958592889e-32 2.142888119129280998e-34 2.771431802099757983e-32 2.384963480730753245e-32
-4.848511080000000167e-02 9.063466467021015042e-34 7.140351735647466999e-34 2.672050608913706715e-33 1.309515358658323074e-33 1.331158694111342486e-32 8.446900396301780863e-36 1.625826010667278458e-33
-4.791469770000000156e-02 8.257925219673565406e-32 4.082285513905449571e-33 3.102914614428757222e-33 5.811002186271036259e-32 5.393964092870909005e-33 5.625560505130507160e-34 1.514851039286328641e-33
-4.734428470000000277e-02 7.897994296995693231e-32 2.501816401045464345e-33 2.434870320665268407e-32 9.152116731502032978e-32 4.065469618441233015e-32 1.960697116914808904e-33 1.177496472836009407e-32
-4.677387160000000266e-02 1.916409886905508133e-34 1.526313854538921082e-33 6.411764393488132953e-34 2.560822986466647609e-34 3.417704857314314106e-33 2.147510295943350063e-33 3.924643403159873809e-34
-4.620345850000000254e-02 1.738389970186765713e-32 3.600684648519050097e-32 5.072107856066876892e-34 9.306543832254350000e-35 9.023128604356352434e-33 7.541080052411098739e-33 1.827454753310673517e-35
-4.563304549999999682e-02 4.698580389183021379e-32 7.301537638487571457e-32 2.841750164952203593e-33 2.213458116924394420e-32 1.599486054087618102e-33 3.716872847613751888e-33 3.315056746082544722e-32
-4.506263239999999670e-02 6.793281978212747920e-34 3.089474766963419271e-33 1.310279926028437113e-32 3.343250155930086288e-32 3.746508641869498609e-32 6.446395457336939118e-34 5.317703359697544041e-33
-4.449221929999999658e-02 3.936862664551033586e-31 8.467731194836193151e-32 4.690953481424674315e-32 3.400316980363123048e-32 1.729015325170682504e-32 5.322203151720379938e-32 4.171838980545268802e-31
-4.392180629999999780e-02 1.265786976917272105e-33 3.729952498230367315e-32 4.269818842247482536e-33 1.522632821575619184e-33 5.551892834554501056e-33 1.146627409266897978e-31 9.397988030725715250e-32
-4.335139319999999769e-02 1.007974354675042314e-32 5.786165022290611369e-30 1.443662770658521497e-31 5.428951888040811259e-32 1.686452952184219358e-31 1.873813130262310344e-31 2.997576413672622398e-32
-4.278098009999999757e-02 2.556073561369377652e-31 5.494142879464082221e-30 4.355305304434594900e-31 4.195874877787866315e-32 8.263710380506687123e-33 3.802118494820732914e-31 3.310595957886883254e-31
-4.221056709999999879e-02 1.190043978391954859e-30 1.623857755391333257e-31 1.150296113635375189e-31 1.291462127872850582e-31 4.558151186229793098e-33 1.468830272153021048e-32 1.025748884828211331e-30
-4.164015399999999867e-02 2.528687042197071843e-30 3.976361825270213384e-31 3.494331476504564680e-31 1.406580124450534135e-30 2.534342198343550436e-30 1.651787382981030992e-31 3.212494799077487517e-33
-4.106974089999999855e-02 8.818178139855294654e-31 4.127081356265266349e-30 8.190814128450433821e-32 3.344302619657722151e-31 5.927173959969342151e-30 2.344104932988720913e-31 1.012932490518776260e-30
-4.049932789999999977e-02 2.441529123940628968e-31 1.594987754362832863e-30 1.484641138286681724e-32 2.553945034122888088e-30 4.168641082311978184e-31 1.959145956465872186e-30 2.037544604319883184e-31
-3.992891479999999965e-02 1.807110236608515512e-30 9.610211000648076821e-32 1.020624759073517890e-29 6.148906754697868181e-30 5.830902284716278187e-30 5.993961995612734403e-30 6.063457377693423063e-30
-3.935850169999999953e-02 9.882540697947047543e-31 1.220230883115691142e-30 5.625601712397039129e-30 5.985691878338423709e-33 5.163440536968142550e-30 2.713156973877250751e-29 2.024950681384472022e-30
-3.878808859999999942e-02 3.330810797181191243e-33 6.070660942791926986e-35 8.291136193645845665e-32 4.112822399296332958e-32 9.461899353272571868e-32 5.636311398043825161e-31 3.701589489147487035e-32
-3.821767560000000064e-02 4.420687906550561374e-33 1.764984990122528803e-31 1.052962551468584752e-33 1.172774336449576484e-33 9.178981459295460953e-32 1.686823233947182277e-32 1.717498690454100307e-32
-3.764726250000000052e-02 2.760680763862137418e-30 1.024542154277759329e-32 2.833601111544926777e-31 1.473203563083828506e-30 2.671582394722013683e-30 8.794873267616379732e-30 1.347801275735323680e-34
-3.707684940000000040e-02 1.217430170956249226e-30 2.626115774774863759e-30 3.989838965243357468e-32 2.764659996719611433e-32 6.862105403426558938e-32 9.072502776133630643e-30 6.499152602900075491e-31
-3.650643640000000162e-02 1.116306293770520626e-30 4.713417528690507998e-30 1.208764086389582895e-30 7.413990618825145078e-31 2.810375393171009746e-30 1.529446552633487692e-33 6.240295047864123679e-30
-3.593602330000000150e-02 1.612666001080868713e-31 1.834458307403379589e-30 3.201941166657650650e-31 1.052420956568846015e-31 7.525826067681677316e-33 8.278535545943819719e-32 4.214940353649438120e-32
-3.536561020000000138e-02 3.905534329759634948e-33 3.557222004218454169e-30 2.788987372582380173e-31 7.932840207117890506e-32 5.231350902352984994e-32 4.634961894215876478e-31 1.609501647501024871e-32
-3.479519720000000260e-02 1.102755955283765035e-35 4.540656900713783450e-32 7.351625120593882745e-34 3.643736460311506290e-33 9.654296482071621184e-36 6.365482801700244120e-33 7.117535027330734878e-35
-3.422478410000000248e-02 1.147243966067776867e-31 7.033747387478088513e-31 1.581747959669817834e-31 1.946498448364707226e-32 2.625225004742390572e-32 2.737443300343777051e-31 3.172341154400658625e-31
-3.365437100000000237e-02 4.202848789081956171e-32 2.108869771954552274e-33 7.044835935852305330e-33 7.960735235951217141e-35 9.902887226677558431e-33 9.565663479259377689e-33 1.622401350139146959e-32
-3.308395799999999665e-02 1.012598075961463620e-30 1.255635419093652767e-33 1.752339387684375001e-31 7.266227678157556389e-34 6.227883324624456533e-32 4.556192240662068237e-32 3.286963762220515788e-31
-3.251354490000000347e-02 9.884607425570784398e-34 1.378832715032061520e-34 4.613355234659107529e-34 1.823604761699691728e-33 3.421576721729117898e-33 1.081138989728367956e-33 1.165430667944271205e-32
-3.194313180000000335e-02 6.693982706042385355e-32 2.578508952966671130e-33 8.467961010765043016e-33 6.848174691652860092e-34 9.574853015127743710e-33 1.705628516538984928e-33 8.666575820766620989e-32
-3.137271879999999763e-02 1.206916973810562324e-34 3.995571219910642716e-34 6.532927379673521889e-34 4.684105569272980772e-34 2.287796400724326041e-33 4.314874145931997380e-36 4.703041916213351713e-36
-3.080230570000000098e-02 7.087809810246985923e-34 9.963179758758501304e-33 7.075253100265481333e-33 2.800187496369431221e-33 5.642427638928546179e-35 2.979280994715100796e-35 7.440663604674567121e-33
-3.023189260000000086e-02 1.137741723844120842e-32 1.341777689591521030e-32 2.985326548497972523e-34 3.283770641811951465e-33 2.615000107903750390e-33 4.318313283675554097e-35 1.762098358299684690e-32
-2.966147959999999861e-02 1.542245280456253185e-32 5.860556777578878524e-32 3.709169872982997463e-33 2.531887951130188223e-32 1.655264162327644220e-33 4.309255425102057415e-33 7.526673718794987366e-33
-2.909106649999999850e-02 9.184871040346258175e-35 1.368688927170604900e-32 8.459889780645578424e-33 4.136990568240100951e-33 3.282250864099060062e-32 5.955360099082506169e-33 6.834806192120288871e-33
-2.852065339999999838e-02 2.736026668492065323e-33 1.132652895691291724e-34 3.072178762433667792e-33 1.113188467720721060e-32 1.090280674129001570e-32 4.557404854186076895e-35 3.807631870133074304e-33
-2.795024030000000173e-02 5.161195992647902306e-33 3.594867758082014224e-33 4.544922341530994764e-34 2.740718091561358621e-35 3.961566274270262866e-33 6.750982432482220827e-34 1.469178557479679639e-35
-2.737982729999999948e-02 4.804444880648122167e-33 1.055660415088581176e-32 7.625954347742122613e-33 1.265020292014111746e-33 7.581920813745053491e-34 3.375132857783826545e-32 3.968542949338753499e-34
-2.680941419999999936e-02 7.471483062694582840e-33 2.231246481739223962e-32 1.279994176704008503e-33 2.730330744531392946e-33 1.428876100465828911e-34 4.931845754098194245e-34 1.489000714595170776e-34
-2.623900109999999924e-02 8.792504578449391485e-33 2.134997150466570577e-33 4.400135156500711594e-34 1.221948769745891002e-34 2.504352899788242808e-33 1.916267003647242344e-33 1.226442909787083059e-33
-2.566858810000000046e-02 2.093911460733778560e-32 2.921415288550191310e-32 1.073488705385531809e-32 7.908073524315811556e-34 8.468716198543396609e-38 3.976824713465346667e-33 3.451024283916126051e-33
-2.509817500000000035e-02 4.117883828056857109e-35 6.622620137632308153e-33 5.918511716857212081e-34 1.717740830758202597e-33 8.978445101713717968e-33 9.163865271729236003e-33 7.320873948918732170e-34
-2.452776190000000023e-02 1.472203124687341483e-33 4.032188004655347521e-32 3.576253152818934729e-34 1.436821047478660708e-35 2.384711792625978091e-32 5.589801135921913505e-32 2.701000000912251607e-33
-2.395734890000000145e-02 2.767512784786320218e-34 1.754629014625358602e-32 3.432981103562539345e-34 4.605645699484566091e-34 1.395192619450500274e-33 1.548804300962325188e-32 3.257512182810023573e-33
-2.338693580000000133e-02 6.944912192370692356e-34 8.561194679253216394e-33 6.087778551600845769e-34 4.868331417621481878e-36 3.131705022372423825e-35 1.166290972300962885e-33 5.784675620466749761e-36
-2.281652270000000121e-02 4.614661503709151878e-33 9.859059243932204043e-33 8.592267293496598169e-33 1.972452718986364802e-33 6.693158433274360467e-35 8.331231946678371758e-33 3.560086825597766594e-35
-2.224610969999999896e-02 1.072853601513889751e-34 1.575375944785777549e-33 4.056528849109744735e-35 1.807759190753057481e-34 2.475755988137741510e-36 7.100158154511590005e-37 3.489648596730686408e-35
-2.167569659999999884e-02 2.305839733530202610e-33 7.267451144390140159e-33 7.803182212648684317e-34 3.248083416520974939e-33 1.879782114600660203e-34 7.523791376132252138e-34 3.986080125279683970e-34
-2.110528349999999873e-02 1.046969275031975768e-33 1.582222114288587064e-33 2.662886855981544459e-34 5.955214657627571368e-33 4.506042805677170299e-33 2.771137874339319259e-33 2.902772765861320386e-35
-2.053487049999999994e-02 9.030028139160207685e-33 1.458841049094124100e-33 5.185738878685074043e-35 1.254651589597895830e-32 6.306923318005720899e-33 2.290511955940237623e-34 1.145053180008260187e-34
-1.996445739999999983e-02 1.084769935220311124e-32 1.528833086528191386e-34 2.619189172945390025e-38 5.706564441245605785e-33 2.319207235977700487e-33 1.902616713488892727e-34 1.465014541397154025e-36
-1.939404429999999971e-02 8.962110602527460220e-33 1.763256629756628070e-32 4.837187481725309074e-34 9.714663758836976529e-35 2.732507016506810252e-34 1.974114189378773754e-33 2.601266601570201177e-33
-1.882363130000000093e-02 1.033053767505814804e-33 2.197774148696045368e-32 5.388719833030658372e-33 1.732208910841151946e-32 5.354001275180829205e-33 6.603498318668466285e-33 1.283277309141126910e-33
-1.825321820000000081e-02 9.155504874056913112e-35 4.462052892133823643e-33 4.692515510340423193e-33 4.206930053714209127e-35 1.641990807989306262e-37 1.500967357883383966e-33 5.152752423490298962e-34
-1.768280510000000069e-02 1.401194929250366627e-33 1.941896396325104366e-32 1.004273779463944675e-33 2.452207679235873359e-34 6.316294610350211388e-36 2.154457572724394904e-33 4.372752824043885816e-35
-1.711239209999999844e-02 3.618594886444413981e-34 2.838183368357383264e-32 8.057578864223804930e-33 1.483963146202943717e-34 1.229613280874642207e-33 7.550414504404619977e-33 2.670989863598590561e-35
-1.654197899999999832e-02 2.599792174340605397e-33 6.965373941232255381e-32 1.704543217566955281e-34 3.956603570172633568e-34 1.647981567557727539e-32 2.002062536357437750e-34 2.085662539994977562e-33
-1.597156590000000168e-02 9.131632896699718870e-34 7.597558847360194656e-37 9.204505827064197191e-35 2.317435450902781881e-34 7.322232787084247243e-33 7.695461296700257750e-33 3.987105938225080661e-34
-1.540115279999999982e-02 9.069520943159293261e-33 1.561458177937962126e-33 1.195475573335723636e-33 7.476581524035071851e-34 5.500222502270021627e-34 3.679863825424433186e-33 1.889587158051318758e-35
-1.483073979999999931e-02 6.258819943419769304e-33 3.836297262582949157e-33 1.173813244024769281e-33 1.192788283805978514e-34 3.365558891033472307e-35 1.594081741297450356e-33 2.277515931116604324e-34
-1.426032669999999919e-02 1.223821652206303751e-33 6.188279915729059575e-35 5.030566956266183412e-34 3.252679574730980159e-34 8.545300014719285797e-34 2.210355163552896420e-35 9.081969240567302656e-36
-1.368991360000000081e-02 4.676522852089648355e-34 1.279305643153081039e-33 1.596108284743998279e-34 1.539657266887537648e-33 7.343297921230638107e-36 1.294349514644814742e-33 1.243518910930154019e-35
-1.311950060000000029e-02 1.780832827089759066e-32 8.009982399600497642e-33 1.257023316023846220e-35 5.540876431614209214e-34 9.213926020849719371e-33 1.743536429956289339e-33 3.077901480572159833e-34
-1.254908750000000017e-02 2.739419367937989205e-32 7.545724659457290564e-33 1.200769199858821792e-34 1.924594359617136515e-32 1.426826358109798405e-32 8.252409740698624708e-33 6.148874889241038132e-35
-1.197867440000000006e-02 6.980154562338474470e-34 2.895618549053075315e-33 6.662980616552422151e-33 1.740237379791892681e-33 2.739569463967591074e-32 1.219473626342624903e-33 6.503480129866841502e-33
-1.140826139999999954e-02 1.434454452227271324e-33 7.005376391600616804e-33 1.164462477527557479e-32 1.942500491740869202e-32 5.422457648919071269e-33 2.421607794726153766e-35 3.485659624621346256e-33
-1.083784829999999942e-02 1.071975478559853701e-32 1.298295765839336205e-32 1.450718577265774379e-33 3.764688475556334664e-33 1.148782959915938066e-33 4.809373242472737038e-34 1.008636738180505343e-32
-1.026743519999999930e-02 7.989307509576889602e-34 1.649631430970833833e-32 2.240291788548889877e-33 1.587425136757136174e-33 3.053243357750160264e-33 8.567505197776829682e-35 4.422738949716570023e-33
-9.697022200000000522e-03 9.285705613597825149e-33 2.141146959809139087e-31 4.697664635690369373e-32 1.937965238299782792e-33 5.824068282415395481e-32 8.317958997794689500e-34 5.735007729040220847e-33
-9.126609100000000405e-03 4.868128837505336001e-32 7.287574512123775834e-32 1.286146606731737745e-32 2.932420779857338885e-32 2.302389993467350754e-32 1.105882071945503922e-36 2.265583290643424355e-32
-8.556196000000000287e-03 6.449246987352200517e-33 2.845326384502823650e-33 5.740184030549294967e-34 2.533883997126880923e-34 5.865037722742512332e-33 1.061054570839807035e-33 1.714981908380436170e-32
-7.985782999999999771e-03 1.103850161177777593e-31 1.206072554126309249e-32 1.092977555835290068e-32 5.332252195831388718e-33 4.536433418658647690e-33 7.467178628202778264e-33 8.368162052076430727e-32
-7.415369899999999653e-03 1.502018754561138410e-30 6.728569306436020900e-32 4.109822807730805901e-31 4.074958129625448181e-34 4.717838781414740830e-31 2.830439909237141945e-32 2.006685771128060161e-31
-6.844956800000000403e-03 4.175980412792020077e-35 3.524817999003886465e-33 5.944816992267259916e-33 6.679039487484592308e-36 4.900065400347123394e-36 1.778519605029297051e-32 1.837516947989243668e-32
-6.274543799999999887e-03 2.169924384158744866e-32 3.468430612950850116e-30 3.072019440493147174e-31 4.774145896638217006e-31 3.787795449710618581e-32 3.950431360040943543e-31 1.250321577965363730e-31
-5.704130699999999769e-03 1.326944992839830825e-32 4.560288335933641425e-30 6.842281565335761265e-31 2.894621584995033208e-32 4.247472365742341074e-32 3.393466153301639832e-27 1.016423599298763026e-33
-5.133717599999999652e-03 3.573760566913446296e-31 2.799806373007305186e-29 6.207271576696429015e-29 4.001237742437637633e-26 9.113261704727514704e-29 1.210373290608827028e-22 2.375111968764744366e-31
-4.563304500000000402e-03 2.750846318362011809e-26 1.489952966502213281e-24 1.801568426727643642e-24 1.170464170540197917e-21 2.444401489701458033e-24 3.002133202829845254e-18 8.671446759845341096e-28
-3.992891499999999885e-03 6.508041904925564224e-22 3.247495548271865277e-20 3.899512386976096174e-20 2.248611044115480789e-17 4.696621382727405563e-20 4.667200059240127306e-14 1.625985681321266131e-23
-3.422478400000000202e-03 9.458601693853900694e-18 4.446095719714122318e-16 5.287916960167631662e-16 2.623854601339019218e-13 5.477933856650938109e-16 4.132511345466618918e-10 1.439074211249897463e-19
-2.852065300000000084e-03 8.081583189840949159e-14 3.513481718211610103e-12 4.126404733793917205e-12 1.675495425873035622e-09 3.495971007369140302e-12 1.799310115516313621e-06 6.261848533670417193e-16
-2.281652300000000001e-03 3.632620579196891701e-10 1.416944080370441017e-08 1.634998832459743849e-08 4.980123735636908840e-06 1.038232695896830949e-08 2.964859479941453144e-03 1.030774144049907123e-12
-1.711239200000000101e-03 7.298031178610826443e-07 2.414809616231135950e-05 2.711565507185581289e-05 5.194174095190160628e-03 1.081300088409350978e-05 1.000000000000000000e+00 3.468906313884764174e-10
-1.140826099999999984e-03 5.089309869790190153e-04 1.262661757788143338e-02 1.349414386112832154e-02 1.000000000000000000e+00 2.074788423224326397e-03 5.159919252936920331e-03 2.956042905758852883e-12
-5.704131000000000088e-04 7.881078315621671548e-02 1.000000000000000000e+00 9.385994216132362844e-01 1.291170952686325653e-02 3.892263648018513686e-05 9.955656942100489564e-06 2.938349598629009029e-11
0.000000000000000000e+00 1.000000000000000000e+00 7.778897197291153416e-05 3.098347347386273820e-01 8.375393182226885077e-05 1.000426292450336442e-04 1.490616842742162826e-08 1.488587211905794586e-08
5.704131000000000088e-04 7.803185746844729098e-02 9.481445878862387877e-01 1.000000000000000000e+00 1.716938252630230503e-05 1.291709483471917275e-02 2.825640704278962803e-11 9.957132607951268126e-06
1.140826099999999984e-03 5.020244331156957637e-04 1.190956035871032666e-02 1.429707651674692881e-02 2.104823354009944213e-03 1.000000000000000000e+00 9.254539207723213933e-13 5.161982312474962427e-03
1.711239200000000101e-03 7.187863756622888399e-07 2.273608751741653885e-05 2.867653770371028697e-05 1.090067998246952402e-05 5.196270037380264044e-03 3.507353948715628194e-10 1.000000000000000000e+00
2.281652300000000001e-03 3.575740312107873269e-10 1.333263766153758018e-08 1.728028483050968142e-08 1.044318009801763762e-08 4.985347934017566583e-06 1.038431935656269301e-12 2.967321510827619982e-03
2.852065300000000084e-03 7.954111967639615038e-14 3.305579134834645992e-12 4.360650661854793854e-12 3.512962852128328483e-12 1.678441642797312776e-09 6.300807808121718757e-16 1.802270190589628693e-06
3.422478400000000202e-03 9.309976081477016269e-18 4.183270500430361333e-16 5.588451573815866369e-16 5.501744003845029544e-16 2.630179898515908986e-13 1.447230596787994954e-19 4.142222871202768956e-10
3.992891499999999885e-03 6.407413140242138048e-22 3.055872824406691581e-20 4.121589317210572836e-20 4.715447283321382785e-20 2.255249409995542267e-17 1.634653082373547685e-23 4.680787793824579268e-14
4.563304500000000402e-03 2.811857060353452695e-26 1.402893157700495692e-24 1.906686968855325235e-24 2.454794429269111803e-24 1.174351869321966152e-21 1.049637486985797095e-27 3.012166640516317347e-18
5.133717599999999652e-03 8.476231284321259404e-31 4.364886785369653303e-29 5.880770600357389323e-29 8.327656190373522374e-29 3.997157200355625743e-26 4.660141657439104139e-32 1.214527229712756256e-22
5.704130699999999769e-03 1.199744228496856712e-32 1.742264638755673716e-30 2.998919562561111223e-31 2.564920490231184000e-31 1.104284300888255587e-30 3.484447468154863903e-31 3.274381305368888037e-27
6.274543799999999887e-03 1.918012423284652345e-36 3.833859220896474162e-32 1.298296892686748677e-33 5.345802296951790838e-33 7.986218206239636530e-35 3.136422532507312293e-33 5.539220254701520155e-32
6.844956800000000403e-03 6.278958318201335254e-32 4.626410087425657287e-31 1.499126259084193271e-31 1.275249289308824112e-33 1.777110468211969687e-32 4.683447765406048401e-31 4.662689946186837456e-31
7.415369899999999653e-03 3.706483189692064899e-31 9.695432819684976505e-33 5.689933039447242270e-32 3.971068003881298430e-33 8.270368882782108305e-32 3.283341720433665613e-33 3.752445750579071264e-32
7.985782999999999771e-03 3.047892817053213997e-32 2.173751042528938636e-33 5.214338654840815018e-33 1.350853169603768288e-33 4.518868807124318072e-34 4.367718457139657119e-33 3.094769492376388042e-32
8.556196000000000287e-03 1.520473146126848025e-31 1.307991091712765458e-31 4.476965281120896291e-32 2.128355264252082553e-32 1.484456024056727492e-31 4.279065851512660210e-32 6.379381457777386355e-31
9.126609100000000405e-03 1.719602174970395960e-33 1.084138412364677930e-32 1.237353740170900874e-33 2.849207406471644243e-33 1.343971070750236731e-33 9.639395223338172572e-36 8.164787996978761048e-34
9.697022200000000522e-03 7.992441100945157488e-33 1.502926667096213550e-31 6.621275631441601027e-33 5.275916094537236545e-33 4.045289901255595902e-32 2.613242899247649576e-34 4.425224682323894133e-33
1.026743519999999930e-02 1.599077189251693901e-34 1.632636754331530204e-33 3.752733716185401645e-35 1.583550250939806705e-34 5.833569995232987491e-34 4.104156379141306785e-37 4.899606889678956468e-34
1.083784829999999942e-02 1.286542664827663671e-33 2.236163521223881438e-33 4.885563175390588923e-35 6.624420895308400906e-34 1.281365118407520927e-34 1.089499206103214731e-35 9.810837291060297533e-34
1.140826139999999954e-02 2.472774000759405234e-34 5.929103370165601390e-33 9.112182125401748246e-33 8.819308012826693291e-33 3.728580411833309401e-33 3.770942168799709203e-35 2.167834312143844899e-33
1.197867440000000006e-02 5.355528121036490578e-34 4.586281215985058566e-34 7.226912021155112618e-33 5.743040902392659110e-34 4.874320058877787537e-32 3.298645804356924218e-33 1.033964735147117630e-32
1.254908750000000017e-02 8.798074041988619707e-35 4.320669633839896742e-35 1.032374630280274173e-35 1.231899802999854900e-34 2.136576118538583000e-34 4.211208515365272582e-35 6.153904917256472831e-35
1.311950060000000029e-02 1.196346372936297638e-33 8.552891419866838144e-34 3.775536802046857264e-37 2.805511323108753207e-34 3.290882141314364721e-34 3.241375906430720442e-34 1.824450811690360990e-35
1.368991360000000081e-02 2.720780267159260027e-33 8.746854160913310310e-33 8.225784978514409113e-34 4.417850983083722141e-33 8.424601050492712296e-35 2.714499818848697662e-33 2.766612573571808939e-34
1.426032669999999919e-02 1.514854975706989556e-32 2.384172826416912357e-33 2.953027344834055904e-35 2.645099356844592798e-34 9.617298362000729943e-34 4.850047930345599049e-34 3.331140420439780725e-34
1.483073979999999931e-02 2.802304620961347047e-32 1.663189437044194951e-32 1.091213706522678770e-32 4.728784267400306707e-34 9.471700954776288775e-34 1.246245496157445719e-32 3.757017862870675543e-33
1.540115279999999982e-02 2.748733071379772973e-35 2.214182567024821478e-39 2.594162805440627249e-36 1.925401430877869471e-36 2.089539220823230593e-35 8.287665568004730340e-35 2.493474456987051022e-37
1.597156590000000168e-02 4.224413231892515379e-34 4.217451344853012927e-35 9.458210174947905703e-36 2.182028098515094605e-34 2.523533570273470640e-33 1.490518496578029375e-33 4.079106522046416461e-34
1.654197899999999832e-02 9.942510200582801749e-36 4.846904277799195671e-33 1.842050316342830593e-36 4.271298969201699897e-37 4.262895228102261974e-34 1.188260867245541291e-35 2.120255243826712082e-34
1.711239209999999844e-02 1.995094057017270708e-35 3.789166728584937293e-34 2.742223026002305500e-35 1.378579594488671794e-35 1.861892110667053814e-35 1.081688675401446111e-34 2.565508593011044234e-35
1.768280510000000069e-02 1.052427040101296220e-33 9.608505864548108864e-33 2.182560922789158136e-33 4.219127124153741042e-34 6.376215654630345110e-35 7.828299486641249212e-34 5.475889354410898878e-37
1.825321820000000081e-02 4.549037141641008873e-35 8.838923325181369248e-33 2.059054276051304506e-33 1.047807281771253680e-33 6.058556023341605788e-35 1.453411388034221283e-34 4.294603626395279999e-34
1.882363130000000093e-02 7.139232690562759232e-34 3.033545285390544528e-33 3.989171674649035273e-34 1.394072776293512971e-33 6.632064733946388569e-35 3.289647903318910829e-34 2.783381730404587797e-34
1.939404429999999971e-02 3.908911131619582236e-33 4.120811904634449832e-33 1.198257549364825877e-33 5.278263477727424169e-34 3.200448903296689563e-34 4.185864867373210544e-33 2.841736298020895950e-34
1.996445739999999983e-02 1.264982761787411609e-32 2.583703969184432612e-33 2.762089109878955718e-33 2.800358761785702067e-33 1.969824955352030713e-34 2.321762216475555927e-34 2.522597402282198595e-35
2.053487049999999994e-02 8.905985391005334156e-34 3.297372182669229827e-34 2.156619204336871401e-35 1.449527337652961297e-33 6.206578749607698852e-34 2.758448630911226905e-34 5.700069357546788350e-35
2.110528349999999873e-02 1.071347635840842470e-32 4.608119769025348496e-33 9.196550750376723334e-34 1.803709843277254673e-33 3.167929719987910497e-34 1.702873877783433678e-34 2.492986473027743747e-36
2.167569659999999884e-02 9.656941850813855613e-34 1.766908659923498784e-33 3.640718992135165728e-34 7.636944647310069848e-33 1.121215751487174308e-33 1.312651408499761618e-33 1.853829330955609735e-34
2.224610969999999896e-02 1.606851004138900129e-33 5.659697733240257947e-32 8.821994168026672135e-33 4.446367235759765937e-34 1.038769132138272119e-33 1.402662482042251138e-33 7.946108547938502578e-34
2.281652270000000121e-02 1.588654254086647439e-33 9.201909162927821890e-33 1.782283114700070717e-32 4.455169651856202034e-33 9.024744939672729606e-34 1.886305657133508331e-32 2.852898960986575110e-34
2.338693580000000133e-02 8.189620421961310265e-34 1.477515827487023267e-32 1.002953119708455986e-33 6.927332012517524294e-36 1.098877598653536727e-35 7.804095484261997891e-35 3.510128451179811783e-35
2.395734890000000145e-02 2.154334757956925636e-34 3.015330158076096258e-33 6.678820670439355402e-37 5.275310226975901940e-37 4.026558298413866305e-34 6.173724878082488711e-34 8.769590860305954095e-35
2.452776190000000023e-02 4.106860769663293088e-34 1.204207321758147667e-33 7.275665664158007628e-35 9.850668641277211010e-39 1.326111447162799758e-33 2.686513514473799962e-33 1.282086045184493599e-34
2.509817500000000035e-02 9.144917701483327210e-34 3.671494872780363251e-33 3.468155728719415830e-33 2.520802068631180561e-34 2.786286227506142545e-33 3.695005068537962945e-33 5.156516582229190947e-37
2.566858810000000046e-02 3.375753156547604079e-32 2.646800807585214555e-32 6.624504732418379120e-33 3.171647383215235239e-34 3.392951352392569623e-34 2.609353694508720039e-33 5.239362716523099993e-33
2.623900109999999924e-02 2.276299960117239814e-33 7.664063746928233130e-34 4.387560243041220405e-35 2.938334070906520344e-34 2.220679619236709848e-34 3.743804014415370067e-34 1.242080714286744837e-34
2.680941419999999936e-02 4.296354376265637942e-33 2.885679468615909489e-32 7.977283696330314850e-34 5.692919275251642704e-33 7.061909385620518690e-34 1.011881565811086652e-34 6.334317739374595566e-34
2.737982729999999948e-02 1.504113493238889000e-33 5.270571289449556449e-34 8.566694103675431119e-35 4.279723181651891889e-34 3.294090309842492690e-34 2.089908252281158246e-33 2.339315840715268377e-36
2.795024030000000173e-02 5.574546183562568531e-34 1.112297145490799323e-33 8.649190850633692081e-37 1.606886787935677769e-34 2.027929468498063062e-34 1.449009298687001210e-34 2.135564748129116016e-36
2.852065339999999838e-02 1.305835901099011796e-33 7.117328826098889833e-37 1.053917218825740335e-33 6.367580290806606260e-33 1.248287031076923370e-32 1.737794960453696417e-33 1.980592998017390518e-33
2.909106649999999850e-02 2.382170102146651213e-34 4.338356100556138143e-32 1.613088945065934648e-32 1.822675910483561246e-33 7.826422841923583725e-32 1.092453261704785369e-32 2.294787646757734334e-32
2.966147959999999861e-02 1.043752529555977803e-32 3.184651167682836085e-32 2.468307813724027284e-32 1.912732646928434186e-32 2.008860082954524830e-33 8.687099665062664155e-33 7.054574815644337938e-34
3.023189260000000086e-02 5.269987372323302707e-32 5.271602068696127154e-32 1.478826816323669633e-32 5.400466576506061656e-33 2.052130595239122813e-32 4.198286565375419743e-34 8.635036738807473224e-32
3.080230570000000098e-02 5.204903577425034535e-33 7.855775405338442460e-32 5.831690468008651711e-32 3.781345405782146907e-32 4.830741714177443285e-33 5.655357956103226459e-35 2.410611916774946645e-32
3.137271879999999763e-02 3.554631673368459598e-33 2.698052799892360610e-32 1.240823218303841541e-32 1.476150243740474973e-32 4.842339958730198793e-32 9.065596125550333740e-34 3.636627469503062457e-33
3.194313180000000335e-02 8.847515119713085226e-32 6.177779066397101907e-34 1.047309341177253490e-32 1.077374311077572845e-33 8.492821008044747571e-33 2.212123050736425571e-33 9.948045724188247241e-32
3.251354490000000347e-02 3.772995180066849527e-35 1.874483371228470899e-35 5.458697129545930929e-38 3.628184991601199878e-34 8.579243282689500239e-34 5.961545465562017676e-34 1.546836157475093818e-32
3.308395799999999665e-02 7.463426098414495176e-31 3.080268026219260965e-33 1.403009486144053677e-31 1.258226664482943032e-34 5.467548811614523934e-32 5.600927661426287333e-32 2.059919893435384127e-31
3.365437100000000237e-02 4.291149819670124668e-31 4.590499692832689763e-33 9.215405160724254420e-32 1.130386616385968694e-33 1.438617541561314349e-31 1.355712271254207492e-31 6.901544314072853855e-32
3.422478410000000248e-02 1.276259282660910163e-31 8.847480522647008213e-31 6.264733968077471519e-31 7.342889188865385129e-33 2.405401932367320558e-32 5.545460076394251345e-31 5.275933756843177072e-31
3.479519720000000260e-02 2.979865445962202387e-32 4.407915081984114214e-30 2.218135789684310011e-31 4.725751302034608876e-31 2.842670316602258925e-32 1.628356091403568628e-31 6.668581043348092174e-32
3.536561020000000138e-02 7.662937484145808084e-35 1.414349650877423972e-30 5.819645573226828139e-32 3.331678323134605097e-32 1.169556611979881692e-32 1.493662874601946981e-31 6.579731411443746248e-33
3.593602330000000150e-02 2.303599243839176656e-31 4.069617429209729185e-30 4.770996576800480525e-31 8.175733566249034249e-32 1.439393938801997213e-32 1.372335680194206090e-31 1.709741518383703721e-31
3.650643640000000162e-02 1.709267451765202130e-31 5.095208707662117254e-31 1.542727864745526171e-31 1.870038234798049269e-31 3.953988587219983879e-31 7.105214779356863591e-34 8.719209290803398998e-31
3.707684940000000040e-02 5.760658429722766239e-33 6.922177548267046518e-34 1.352984418450814919e-33 2.981358752809801463e-33 5.709590378566214621e-34 5.066740263341106926e-33 1.349274349375431237e-33
3.764726250000000052e-02 9.701188589264658665e-31 2.852751628752320146e-32 1.929153015740993000e-31 5.336693696097619686e-31 1.206529569565537808e-30 3.479615003861507317e-30 3.378908501266451142e-32
3.821767560000000064e-02 1.684840770228698904e-31 1.336148369500897645e-30 3.470758816827985927e-32 6.223285031166296547e-32 1.449592864135471900e-30 4.163996285625408408e-31 1.692726408374398209e-31
3.878808859999999942e-02 1.628615424780533339e-34 3.849697426108257508e-33 7.011773245815578769e-32 6.870895558798649918e-32 1.171686882552322910e-31 7.144389922902229391e-31 1.530650359634172157e-32
3.935850169999999953e-02 9.567905720330402829e-31 1.343696938270927412e-30 4.506379718480461701e-30 1.453140451868830568e-31 6.130296417547097123e-30 4.110018421140272745e-29 2.917244217575108623e-30
3.992891479999999965e-02 2.185604486366731092e-30 5.014497320179355258e-31 1.670897870708195714e-29 1.092598108490340561e-29 7.704809132088646504e-30 1.494966165863013400e-29 6.513367793231075442e-30
4.049932789999999977e-02 1.840077862719116383e-33 1.309395073265228906e-30 4.957169535021037363e-32 1.248068823257127735e-30 1.947497330480270636e-31 1.091366654945939073e-30 2.108450248597870069e-32
4.106974089999999855e-02 1.622476364183296419e-30 7.070933495877491060e-30 6.608562661804623986e-32 1.042828418926484047e-30 1.094404349825159595e-29 7.141328545240897506e-31 7.837224661747639253e-31
4.164015399999999867e-02 5.258812813192723756e-30 1.845568905792812377e-30 6.608387632622373127e-31 2.208612174520799233e-30 3.619154911731341464e-30 5.253298280908882997e-31 2.492657794675291398e-32
4.221056709999999879e-02 4.776072884870844937e-30 4.014194511816486595e-31 2.572605671649490295e-31 3.930315145510283605e-31 9.899161003248213424e-34 6.453958191098701041e-32 4.278918333778807275e-30
4.278098009999999757e-02 7.409807973819354646e-31 1.435446822226824054e-29 1.908584632617267052e-30 2.244908708681938888e-31 1.712561989204667747e-32 1.059722625611257490e-30 6.106675999104990487e-31
4.335139319999999769e-02 1.136354005077456950e-34 1.383607773203700456e-30 3.879875576573594662e-32 2.022505991901245654e-32 2.498095454294768282e-32 2.496109418354752968e-32 3.727624854501790789e-33
4.392180629999999780e-02 4.298106884608376179e-33 1.374177110844373651e-31 1.950360021227116133e-32 7.038807698198831536e-34 4.238428465495912169e-33 2.823077283626122390e-31 2.107777591125445455e-31
4.449221929999999658e-02 2.650658915473189326e-32 7.009089692983112113e-33 3.900186206266132976e-33 2.652352333027570446e-33 4.222420126997858168e-34 2.746043882282449038e-33 2.695719969424768831e-32
4.506263239999999670e-02 1.434297225497502205e-33 5.707765101015658234e-33 1.741059785866307200e-32 3.960356451778794205e-32 2.898434498590208261e-32 1.498353316296457912e-33 7.328565013971847129e-33
4.563304549999999682e-02 7.544390187690575451e-33 7.983864611816590050e-33 1.317497837713778675e-33 1.892443598480740799e-33 1.013674750069329852e-34 8.819881747661068745e-34 5.776800522430396600e-33
4.620345850000000254e-02 1.761786986594104201e-32 9.602790581311833709e-33 1.043709821316805682e-34 8.132753968788664777e-34 6.486541968727575454e-33 3.930883213753472021e-33 2.418466129475823074e-34
4.677387160000000266e-02 2.724310768482699699e-33 5.501620782244463971e-33 3.590160512536778660e-34 2.567025874039420352e-33 2.000008123710677360e-32 6.013816446713426150e-33 1.060875427427547101e-34
4.734428470000000277e-02 5.009275939531519302e-34 2.532116104333125388e-35 2.252134942692492841e-34 7.251239386884172868e-34 2.245475914825705027e-34 3.540183855407348672e-36 1.541636079238101161e-34
4.791469770000000156e-02 1.091719189773614694e-32 8.796014616722271781e-35 1.500604899119841157e-33 9.298921842304742575e-34 3.087605916278862295e-33 6.938483446187752426e-33 2.214231366400421712e-34
4.848511080000000167e-02 3.097770107142120725e-33 4.516651107360089100e-33 3.066833463666889384e-33 3.275843651753796001e-33 4.221111380027154582e-32 3.780345817048486592e-34 5.755087495669762122e-33
4.905552390000000179e-02 1.640719897814343671e-33 1.564070038641112148e-32 1.419358819451676348e-32 9.940480218241269125e-33 5.011830743928981163e-32 5.570427039544718920e-33 6.288048944019017787e-32
4.962593690000000057e-02 5.425668856091298612e-33 3.587889542437328710e-33 3.431077092504790795e-32 1.648579464569428152e-33 7.258777762633954036e-33 3.420585736036964287e-33 1.548067483613624247e-31
5.019635000000000069e-02 4.288031350458487765e-35 2.426951541234610692e-34 8.169300553775821058e-32 2.079072300022909457e-32 1.667618518455926550e-32 1.056720953565715883e-35 2.518445752875728699e-32
5.076676310000000081e-02 1.610426589966976987e-33 4.151982395584416242e-33 6.427493817229046004e-33 9.747851609525016042e-36 4.044176540067591577e-33 1.699932215372941022e-32 2.536540687781724383e-32
5.133717620000000093e-02 8.387334090400651856e-33 1.025130592673634272e-32 1.234147483932912452e-33 1.301493619146479248e-32 6.047229974465489534e-32 4.656086569308830591e-34 6.477244089992791591e-32
5.190758919999999971e-02 1.975827506731722691e-31 8.980800446463472367e-32 6.907927257429918781e-33 2.447910785560634683e-34 8.807568609179058583e-34 4.745100381165554204e-33 1.075534502215337213e-35
5.247800229999999982e-02 1.826232881528551179e-32 2.128420491473534934e-32 1.241054047063798872e-33 1.096501788683323150e-33 9.500316727164315500e-33 6.192539089862438857e-34 3.597876727676030926e-35
5.304841539999999994e-02 1.204553922938355622e-32 1.806876318680035100e-34 3.376878484913727302e-32 1.750766058067241898e-34 8.397046694443879535e-33 1.361340388712948628e-33 3.018160166753193649e-33
5.361882839999999872e-02 2.546512541765927539e-32 1.329676928406354882e-34 3.510264781943234544e-35 1.348828481253765109e-32 1.879167710746527697e-32 4.595153992419144402e-33 2.757685275047092058e-32
5.418924149999999884e-02 2.856222113795945182e-32 6.595057502252111557e-33 4.278210046390689750e-32 8.229752693913098106e-33 3.492972741185189878e-32 2.421635749143907708e-32 4.839604224960155882e-36
5.475965459999999896e-02 2.632317109468068346e-33 4.436456822314550367e-33 1.161303290428549381e-32 9.223439911365386187e-34 9.538167001478803479e-34 1.205927704474509599e-33 3.945422200936392985e-33
5.533006759999999774e-02 7.699802728894478007e-33 5.841133668296591223e-34 2.440356087270659040e-32 2.259121596008352997e-33 1.257669760291564700e-32 0.000000000000000000e+00 7.766436368131566138e-34
5.590048069999999786e-02 2.675289382948532774e-32 2.649343129387007062e-33 0.000000000000000000e+00 1.257650771228978439e-32 3.955472722049806731e-32 2.021342976430190759e-33 1.242629818901050582e-32
5.647089379999999798e-02 0.000000000000000000e+00 6.079176195774198682e-33 3.742740035230073027e-33 1.180275772608445667e-32 3.451170608049451247e-32 1.309464047291658751e-35 6.989792731318409866e-33
5.704130679999999676e-02 0.000000000000000000e+00 0.000000000000000000e+00 0.000000000000000000e+00 0.000000000000000000e+00 0.000000000000000000e+00 0.000000000000000000e+00 0.000000000000000000e+00
