# PbHfO3 potential supercell
-0.7221446189   -2829.965870660000
-0.6929300313   -2855.846981350000
-0.6625437633   -2874.659826860000
-0.6308662341   -2887.634650900000
-0.5972430749   -2895.895435740000
-0.5615310278   -2900.481311410000
-0.5230616009   -2902.355593500000
-0.5000000000   -2902.476320000000
-0.4820895303   -2902.397471850000
-0.4377961933   -2901.398073880000
-0.3903795877   -2900.040565290000
-0.3399328458   -2898.872215140000
-0.2865818531   -2898.282052000000
-0.2309805280   -2898.454741710000
-0.1736545653   -2899.358338190000
-0.1158052981   -2900.728362040000
-0.0577421919   -2902.081196560000
 0.0000445709   -2902.647440000000
 0.0577421919   -2902.081196560000
 0.1158052981   -2900.728362040000
 0.1736545653   -2899.358338190000
 0.2309805280   -2898.454741710000
 0.2865818531   -2898.282052000000
 0.3399328458   -2898.872215140000
 0.3903795877   -2900.040565290000
 0.4377961933   -2901.398073880000
 0.4820895303   -2902.397471850000
 0.5000000000   -2902.476320000000
 0.5230616009   -2902.355593500000
 0.5615310278   -2900.481311410000
 0.5972430749   -2895.895435740000
 0.6308662341   -2887.634650900000
 0.6625437633   -2874.659826860000
 0.6929300313   -2855.846981350000
 0.7221446189   -2829.965870660000
