# x(nm) V(x) (eV)
-0.0800560446 72.6815696483
-0.0792554841 65.4662016189
-0.0784549237 58.8077764949
-0.0776543632 52.6772254183
-0.0768538028 47.0454795308
-0.0760532423 41.8834699742
-0.0752526819 37.1621278905
-0.0744521215 32.8523844215
-0.0736515610 28.9251707089
-0.0728510006 25.3521389527
-0.0720504401 22.1112870779
-0.0712498797 19.1839102294
-0.0704493192 16.5513317055
-0.0696487588 14.1948679320
-0.0688481983 12.0954925319
-0.0680476379 10.2336843158
-0.0672470774 8.5898835302
-0.0664465170 7.1445304219
-0.0656459566 5.8784214182
-0.0648453961 4.7759780030
-0.0640448357 3.8237368130
-0.0632442752 3.0082609286
-0.0624437148 2.3161134298
-0.0616431543 1.7344192299
-0.0608425939 1.2550522290
-0.0600420334 0.8722730265
-0.0592414730 0.5803602651
-0.0584409125 0.3735925878
-0.0576403521 0.2460291939
-0.0568397916 0.1846024635
-0.0560392312 0.1677258766
-0.0552386708 0.1733973234
-0.0544381103 0.1912195515
-0.0536375499 0.2340772323
-0.0528369894 0.3159852077
-0.0520364290 0.4369624450
-0.0512358685 0.5899789832
-0.0504353081 0.7679511446
-0.0496347476 0.9637952515
-0.0488341872 1.1704276262
-0.0480336267 1.3810111750
-0.0472330663 1.5920634989
-0.0464325059 1.8025233989
-0.0456319454 2.0113833155
-0.0448313850 2.2176356889
-0.0440308245 2.4202729596
-0.0432302641 2.6182875646
-0.0424297036 2.8106527558
-0.0416291432 2.9962773299
-0.0408285827 3.1740565631
-0.0400280223 3.3428857314
-0.0392274618 3.5016601110
-0.0384269014 3.6492749780
-0.0376263409 3.7846256733
-0.0368257805 3.9068153407
-0.0360252201 4.0156162527
-0.0352246596 4.1109351017
-0.0344240992 4.1926785799
-0.0336235387 4.2607533798
-0.0328229783 4.3150661938
-0.0320224178 4.3555237142
-0.0312218574 4.3820500075
-0.0304212969 4.3947583601
-0.0296207365 4.3938783402
-0.0288201760 4.3796412101
-0.0280196156 4.3522782315
-0.0272190552 4.3120206666
-0.0264184947 4.2590997774
-0.0256179343 4.1937468257
-0.0248173738 4.1162511813
-0.0240168134 4.0271450846
-0.0232162529 3.9270242197
-0.0224156925 3.8164842710
-0.0216151320 3.6961209229
-0.0208145716 3.5665298598
-0.0200140111 3.4283067661
-0.0192134507 3.2820473299
-0.0184128903 3.1283874579
-0.0176123298 2.9681027963
-0.0168117694 2.8019993203
-0.0160112089 2.6308830054
-0.0152106485 2.4555598270
-0.0144100880 2.2768357605
-0.0136095276 2.0955167812
-0.0128089671 1.9124088726
-0.0120084067 1.7285043824
-0.0112078462 1.5454643001
-0.0104072858 1.3650995146
-0.0096067253 1.1892209146
-0.0088061649 1.0196393888
-0.0080056045 0.8581658261
-0.0072050440 0.7066111151
-0.0064044836 0.5667861446
-0.0056039231 0.4403322148
-0.0048033627 0.3282039421
-0.0040028022 0.2311821638
-0.0032022418 0.1500477174
-0.0024016813 0.0855814405
-0.0016011209 0.0385641703
-0.0008005604 0.0097767443
0.0000000000 0.0000000000
0.0008005604 0.0097590351
0.0016011209 0.0385368709
0.0024016813 0.0855511406
0.0032022418 0.1500194778
0.0040028022 0.2311595158
0.0048033627 0.3281888881
0.0056039231 0.4403252280
0.0064044836 0.5667861689
0.0072050440 0.7066158920
0.0080056045 0.8581731852
0.0088061649 1.0196475666
0.0096067253 1.1892285544
0.0104072858 1.3651056666
0.0112078462 1.5454684214
0.0120084067 1.7285063368
0.0128089671 1.9124089312
0.0136095276 2.0955155445
0.0144100880 2.2768338152
0.0152106485 2.4555576501
0.0160112089 2.6308809642
0.0168117694 2.8019976723
0.0176123298 2.9681016894
0.0184128903 3.1283869301
0.0192134507 3.2820473096
0.0200140111 3.4283070921
0.0208145716 3.5665303740
0.0216151320 3.6961214971
0.0224156925 3.8164848070
0.0232162529 3.9270246491
0.0240168134 4.0271453689
0.0248173738 4.1162513120
0.0256179343 4.1937468241
0.0264184947 4.2590996879
0.0272190552 4.3120205316
0.0280196156 4.3522780848
0.0288201760 4.3796410771
0.0296207365 4.3938782381
0.0304212969 4.3947582973
0.0312218574 4.3820499845
0.0320224178 4.3555237229
0.0328229783 4.3150662215
0.0336235387 4.2607534159
0.0344240992 4.1926786159
0.0352246596 4.1109351317
0.0360252201 4.0156162733
0.0368257805 3.9068153507
0.0376263409 3.7846256739
0.0384269014 3.6492749725
0.0392274618 3.5016601025
0.0400280223 3.3428857224
0.0408285827 3.1740565554
0.0416291432 2.9962773246
0.0424297036 2.8106527533
0.0432302641 2.6182875645
0.0440308245 2.4202729610
0.0448313850 2.2176356910
0.0456319454 2.0113833176
0.0464325059 1.8025234006
0.0472330663 1.5920634999
0.0480336267 1.3810111754
0.0488341872 1.1704276260
0.0496347476 0.9637952511
0.0504353081 0.7679511441
0.0512358685 0.5899789828
0.0520364290 0.4369624447
0.0528369894 0.3159852076
0.0536375499 0.2340772323
0.0544381103 0.1912195516
0.0552386708 0.1733973234
0.0560392312 0.1677258766
0.0568397916 0.1846024635
0.0576403521 0.2460291939
0.0584409125 0.3735925878
0.0592414730 0.5803602651
0.0600420334 0.8722730265
0.0608425939 1.2550522291
0.0616431543 1.7344192299
0.0624437148 2.3161134298
0.0632442752 3.0082609286
0.0640448357 3.8237368130
0.0648453961 4.7759780030
0.0656459566 5.8784214182
0.0664465170 7.1445304219
0.0672470774 8.5898835302
0.0680476379 10.2336843158
0.0688481983 12.0954925319
0.0696487588 14.1948679320
0.0704493192 16.5513317055
0.0712498797 19.1839102294
0.0720504401 22.1112870779
0.0728510006 25.3521389527
0.0736515610 28.9251707089
0.0744521215 32.8523844215
0.0752526819 37.1621278905
0.0760532423 41.8834699742
0.0768538028 47.0454795308
0.0776543632 52.6772254183
0.0784549237 58.8077764949
0.0792554841 65.4662016189
0.0800560446 72.6815696483
