# x psi2_state_0 psi2_state_1 psi2_state_2 psi2_state_3 psi2_state_4 psi2_state_5 psi2_state_6 psi2_state_7
-8.005604460000000089e-02 0.000000000000000000e+00 0.000000000000000000e+00 0.000000000000000000e+00 0.000000000000000000e+00 0.000000000000000000e+00 0.000000000000000000e+00 0.000000000000000000e+00 0.000000000000000000e+00
-7.925548409999999544e-02 3.525417101944533226e-33 2.467734114707038115e-32 4.657060352425923515e-33 1.820062903348094402e-34 7.958660082580064981e-33 1.173521126293889081e-32 2.101155248851747674e-33 9.600648069908281669e-35
-7.845492369999999827e-02 7.192518991820248831e-32 1.196186594309141212e-31 2.821792781588252257e-32 2.589086995636588574e-33 1.689341124933048975e-33 3.775696386619777130e-35 9.870042442895985379e-34 1.916757930941128126e-33
-7.765436320000000670e-02 1.945724488064530706e-33 3.715601155757280027e-33 1.998288633707167007e-33 8.319297999604137641e-34 3.078686005533532506e-34 0.000000000000000000e+00 9.134499012025094037e-33 7.313679888416777895e-34
-7.685380279999999564e-02 2.007133215213466752e-32 1.008744606315332828e-31 1.453439930156734909e-35 2.186581857085123253e-33 2.614346345604705079e-35 8.815063857729982580e-34 1.937849043531922826e-34 1.113216606572290782e-31
-7.605324230000000407e-02 9.470855027255330902e-36 1.505020797046323614e-33 7.569757369947053433e-33 2.607590890686195355e-33 6.435709896949029941e-34 4.112166101804674364e-33 7.732010894608761927e-34 1.251444814377406730e-34
-7.525268190000000690e-02 3.514391361453841220e-33 9.361000956759338523e-33 2.666423879567983376e-33 1.151106956985280543e-33 2.537464506002542501e-36 5.061696159142327201e-34 1.203482069068494154e-33 3.115076943650366622e-34
-7.445212149999999585e-02 1.715624293850243094e-32 5.669403591629790153e-32 1.513560626422099294e-32 9.874172026215455865e-33 2.288862847743330310e-32 1.898248317413964068e-32 3.349932211033650492e-32 4.775322809911432858e-32
-7.365156100000000428e-02 9.428660117318861992e-33 2.264231393219042713e-32 2.269174163271677572e-32 7.003406487688852726e-34 5.824727444348809642e-33 2.990599916476410871e-32 2.458321051237059401e-32 3.769221480918778891e-33
-7.285100059999999322e-02 6.518522047269252585e-33 7.084963385118759289e-32 1.093172847827466590e-32 6.546297583478986911e-34 8.849724414567375749e-35 2.126633907887105660e-33 2.562509603075618104e-33 1.750095906153627974e-33
-7.205044010000000165e-02 1.244134804414213025e-33 2.076564648412733798e-32 4.253283994892879011e-32 4.475669802302708609e-32 5.875460938451962767e-33 1.745876491241222451e-32 8.308719807445544701e-33 1.269744584693513971e-33
-7.124987970000000448e-02 2.584815361875529021e-32 2.614016294244467234e-31 7.029068729987784916e-33 2.937617171385909577e-33 1.438486510685500256e-32 3.766238677360104134e-32 6.878987294312241526e-35 1.100016921479986300e-33
-7.044931919999999903e-02 1.725265020889396989e-34 7.667388644388669626e-32 3.532735611326290343e-32 3.812624872593917118e-33 5.913991079917447327e-32 3.252438978740347214e-32 1.007807434335913750e-34 1.197711782909995657e-32
-6.964875880000000186e-02 2.037477786239740732e-33 7.354418230810158953e-32 1.017647539003822121e-31 1.519966162109725719e-33 5.484603335615909749e-34 5.872431075387280883e-33 7.308723191766620079e-33 3.599751660831426130e-32
-6.884819829999999641e-02 5.844452733228627875e-32 1.423652284504178974e-32 1.626630286398223180e-31 3.040759286897460436e-32 1.087585267418172126e-36 9.548414550879787869e-33 9.011151312181756889e-33 3.260729904927364073e-33
-6.804763789999999923e-02 3.474799583355045587e-32 3.118223711806900340e-32 8.124872246612131618e-33 2.489960591749549576e-34 2.544929064761346583e-33 1.158683462439740436e-32 6.356775472096854344e-33 9.396775885756419059e-33
-6.724707739999999379e-02 2.209495866341511440e-31 2.158473518056483336e-31 2.741954479667902186e-33 8.812793775745088900e-35 2.381186435656779534e-33 4.249961091125180226e-32 1.251626213440681102e-32 1.533923680331070185e-32
-6.644651699999999661e-02 1.971519644833596472e-31 2.674496096377648270e-31 9.361819957515882272e-35 6.644166067526800081e-32 3.911374870871986195e-32 2.301574970515401568e-32 6.097265225048726199e-32 6.763586127521661040e-34
-6.564595659999999944e-02 2.374237541956963178e-32 3.271319816974107656e-32 3.587678640364092502e-32 3.569807837497700435e-33 3.873405782204418238e-33 3.872920117870327251e-32 5.104032068845519462e-34 3.214471783220942712e-33
-6.484539609999999399e-02 1.671270737577375451e-33 1.163845729799520865e-34 8.286874743107878547e-34 5.596562076826806371e-33 9.004472323211161639e-33 6.304147829895832738e-33 3.480926093563252213e-34 1.542767745646434718e-34
-6.404483569999999681e-02 1.254946267962311641e-33 2.459712302387439899e-32 1.648077867141988257e-34 6.913770009445244007e-34 2.175948857189577372e-34 1.547122831304140743e-32 8.163055597522484049e-34 9.732579416371911371e-33
-6.324427520000000524e-02 1.830502461191569226e-33 2.356619304528927921e-34 3.653307003829571524e-33 1.988340087906024449e-35 9.389306440911818218e-34 4.437951827623817846e-35 1.028682248867765067e-32 5.223550157783957384e-33
-6.244371480000000113e-02 3.514715060833811799e-32 3.804365460270072874e-32 1.140779981442262712e-32 3.588253254385481695e-32 1.693395471136605925e-34 2.153681917043770488e-32 2.318743731577690003e-32 5.472776833773927942e-32
-6.164315430000000262e-02 4.915079268639220776e-33 5.194688870337368492e-34 3.928310704211046707e-35 4.100648543185900264e-33 1.198043223854584161e-32 1.176631952058867861e-36 2.416493609701781000e-32 8.818547531400492976e-34
-6.084259389999999851e-02 2.167707483734625244e-32 2.555284452318298839e-31 1.402333451927498873e-31 3.094190876351843053e-32 2.174110008531986074e-31 3.933497839411810612e-31 1.224149116780150938e-31 2.686967225699391383e-30
-6.004203340000000000e-02 3.768780309203034336e-34 3.807509945062833924e-32 1.238918382671700977e-31 3.480369074232486786e-31 5.772211196671962613e-31 1.725739520531900545e-32 8.322509327784131231e-34 1.753475063451382494e-32
-5.924147300000000282e-02 7.355947485593243431e-31 1.528315209639721230e-30 2.865816114381727213e-31 3.871079957555331220e-34 1.501322966074128160e-31 2.090775465442827916e-30 1.009849842841662325e-30 7.198887511208799334e-31
-5.844091249999999738e-02 8.650105310361517515e-32 2.397878516859345860e-30 5.628479760340409293e-29 3.901028702770577149e-31 5.089884566747704152e-30 1.948360593747874423e-31 2.545558564372993345e-29 6.398580826763737545e-29
-5.764035210000000020e-02 1.188956496242031347e-30 2.548188885681404470e-30 8.911482567348921890e-31 9.108622901031783669e-30 7.274980839011224544e-29 5.641268496372983985e-30 1.664021966396183046e-28 2.604421744024560760e-29
-5.683979160000000169e-02 3.671951369805642431e-29 7.593339912606599933e-29 3.256430077601346725e-30 4.918165311952064170e-30 1.836349215799308123e-32 2.226466969483856866e-30 3.984632604070922569e-29 3.755514990474192621e-28
-5.603923119999999758e-02 3.040523491060754995e-29 2.307027374634286330e-28 7.117672341982242056e-29 7.869913152593028293e-29 1.806185057080164591e-28 6.137198690340887700e-28 2.187152149009470803e-28 7.671659147538358864e-32
-5.523867080000000040e-02 4.412833363094101457e-29 2.430318936246505538e-28 5.597435391826990726e-30 2.668705555884410176e-30 5.607466991783373835e-31 3.232626473701737847e-28 8.561063683380142331e-29 1.247963537855238521e-28
-5.443811030000000190e-02 5.205528913643014094e-31 1.718897278854042093e-30 4.818738504850447107e-31 9.015536543818599423e-31 6.460771682721013215e-30 1.229617733136169199e-29 2.219358797804508152e-29 2.199596355296598103e-29
-5.363754989999999778e-02 5.118023560747771520e-30 8.547706221194290313e-30 2.082504484557623220e-30 7.987351618441422010e-30 7.961839817792421994e-34 2.122779139798260757e-28 3.415384587769362953e-29 5.807143365620352154e-30
-5.283698939999999927e-02 1.336477884667446519e-31 3.984850892930931702e-31 2.038205772075808686e-30 1.928872384836760288e-31 1.584584396593148064e-31 2.689457533140182951e-31 7.480230682659918114e-33 9.966417437149147011e-30
-5.203642900000000210e-02 1.169835324127155735e-34 1.312478322378459062e-31 4.035271083438513742e-32 4.206190114732482518e-32 9.032708562665981042e-33 1.037199875720163380e-32 1.333986466420425628e-32 1.119714038505319756e-34
-5.123586849999999665e-02 8.709934555422276792e-31 7.429556376900259520e-31 1.355125724783817853e-31 1.177143232828299780e-32 5.202725934096263873e-31 1.049266629823308320e-31 6.004133400743234622e-30 2.779303407284128085e-30
-5.043530809999999948e-02 1.868342598711715779e-31 1.678023327786136543e-31 9.666656283703713447e-32 4.300440402007897313e-30 1.866883336060156159e-33 2.992437504311427944e-32 5.947495737988546957e-31 2.088737423708819076e-33
-4.963474760000000097e-02 1.268436420948086231e-30 3.885076213770754557e-30 2.187106901322640059e-30 3.395938947336938727e-30 1.172480366185934573e-31 1.570701585477079025e-31 1.165451872925607425e-30 1.736381612276080138e-30
-4.883418719999999685e-02 1.595280260853507663e-31 8.381520147673220433e-31 6.207301348356059535e-32 8.681597919904948498e-32 7.597381300535165693e-31 5.776983433073851784e-33 9.125694664161457251e-33 7.430092944749172499e-31
-4.803362669999999834e-02 3.247396407417551905e-32 6.478001356590327820e-32 6.337106305492852698e-31 3.621762402617038363e-32 1.931874853136672999e-32 3.985087760164726487e-31 1.004769388151055859e-30 2.389607564756071035e-31
-4.723306630000000117e-02 1.425655235752367816e-30 1.401160724447867940e-30 3.074691036668111569e-31 1.106339604285860092e-30 9.115490545429115943e-31 4.503010412030438741e-34 2.426402796145492538e-31 2.329576393794992577e-31
-4.643250589999999706e-02 1.123476363489711913e-32 5.259781869759902205e-31 1.794066430857619589e-31 3.140897447254980303e-33 1.333881972807900127e-31 4.029411210854496054e-31 2.108782160772628015e-31 3.663139212846839627e-33
-4.563194539999999855e-02 5.669065496035880310e-32 1.285116777652784461e-31 1.797030812939850180e-31 3.987363849462238862e-33 4.494488947982883232e-32 1.081055052323182398e-32 8.270729253366755931e-34 1.498256966250171362e-32
-4.483138500000000137e-02 4.147220476802984684e-33 2.010877494739334848e-32 7.746160352848329608e-32 7.488486527945593882e-34 2.778631336187988124e-32 1.550405500050062753e-32 1.080892040540785292e-32 7.025034374557668474e-33
-4.403082450000000286e-02 1.374598488263437059e-32 8.981555202862528284e-34 3.301086535850203828e-34 1.936823520384381372e-32 6.306592649840538008e-33 4.736060594278396177e-36 1.810950770534452919e-31 1.181772955324995972e-32
-4.323026409999999875e-02 3.575765007360313018e-32 9.765724982534298116e-34 8.414981507840146923e-34 9.967191345954726219e-32 2.023208660504990834e-33 1.691102332465667449e-31 5.916411269435676483e-33 5.919784605907541655e-33
-4.242970360000000024e-02 1.420503531268840779e-33 6.385948492629490129e-34 1.118987455679572760e-33 4.983404311812619592e-34 3.554425363013072030e-36 1.623069316960812700e-33 5.416446041458243983e-34 2.136509800120130774e-34
-4.162914320000000307e-02 2.971727912599236152e-33 1.625126597165897874e-34 5.370223330353117099e-33 1.290445459568097344e-33 1.375583351494528777e-33 4.869673724268691670e-34 5.327281807757221078e-33 1.295750698957136722e-32
-4.082858269999999762e-02 1.002683075616800349e-33 5.941875623337880132e-32 4.274102409673685942e-32 4.055857316978505018e-33 1.434335108636363386e-32 2.220583466972656871e-33 2.656817248600446843e-32 1.645204568962162188e-36
-4.002802230000000044e-02 1.540429336133208048e-34 1.435396247707263562e-32 2.913642791176446077e-33 3.593308000982700163e-33 1.492855683909364309e-32 2.045725536720660512e-33 8.645764744709811923e-33 1.811519659938296584e-36
-3.922746180000000193e-02 3.120685064128339875e-34 2.007747495991530316e-32 1.653652486509889531e-32 6.729188057454746480e-34 1.345245333827334147e-34 3.712129842987934335e-32 2.281229986874125438e-33 1.504882318644184180e-33
-3.842690139999999782e-02 7.925046595117627179e-35 2.943740721796263530e-34 6.516574289193304707e-35 6.935029719238241043e-34 1.493100287448886044e-34 3.118818304685299197e-34 1.954783358863400546e-34 1.335569972526721019e-35
-3.762634089999999931e-02 2.790689914694854522e-37 4.089225355685220187e-36 1.352077749191662391e-35 5.664123074065257608e-36 4.853818186040333090e-36 2.426114656794578003e-36 1.476152566878872081e-35 2.315354815817394208e-36
-3.682578050000000214e-02 6.084630517194978691e-34 4.973414134492182406e-33 7.982825875606573558e-33 8.019581940355488588e-33 6.687476792159794491e-33 4.865904441135099475e-33 9.957794458021151539e-33 4.914403122190300130e-33
-3.602522009999999802e-02 8.669893278864644723e-35 7.406640189962988917e-35 9.770478013087949291e-35 2.207592519427694759e-33 7.162346177907304064e-35 3.475134543302194631e-33 2.014440019342683804e-34 1.153441286245209257e-33
-3.522465959999999952e-02 4.943278759993602137e-34 1.617871755534597472e-33 1.952016375235899469e-34 5.217094690795840273e-34 2.692109663317123559e-35 8.948318241581667062e-34 4.745667487316085729e-34 4.318321230084688679e-34
-3.442409920000000234e-02 1.351576972104078138e-35 6.031453265565609413e-35 1.521414789902741796e-32 2.223808519067670755e-34 4.967061220116337747e-34 1.318581632386457594e-33 5.429676573964567292e-35 1.848698939204205285e-34
-3.362353869999999689e-02 4.200653081959838501e-34 8.155028408963698822e-33 3.025023283686790505e-34 4.512275274404905743e-33 2.726730129072591003e-33 1.039318480591598531e-33 2.342412670975803917e-33 2.094004969192206348e-33
-3.282297829999999972e-02 3.790122414496544151e-34 6.494465840657137972e-33 3.522218963311058862e-33 3.637809211001477186e-33 1.595623940516412252e-34 1.598623629447474766e-33 1.352509749819625811e-33 3.264928814764495472e-34
-3.202241780000000121e-02 1.843941283213919827e-33 1.415879936025487503e-34 8.345020063406889984e-34 1.526010847991328957e-34 3.822377123357370317e-36 5.652774077523663808e-33 2.129467780753972068e-34 2.158856450786386444e-34
-3.122185740000000057e-02 4.969400220138429421e-33 1.025574195380702304e-33 1.026555827624667699e-36 1.869169508597777326e-35 7.089443253382951078e-34 1.574102209982615288e-33 1.176158649178953962e-33 4.098713853099256976e-35
-3.042129689999999859e-02 1.815629866329797107e-34 2.198438882749203539e-34 6.649229998744917854e-34 2.695447409868445523e-33 1.611916347104361699e-35 5.102516772962107831e-35 6.174312909004021631e-35 1.496937278418632956e-33
-2.962073650000000141e-02 1.196635779752497211e-32 6.635778398196257076e-33 8.312253294318919485e-34 7.911969725139059922e-33 4.309777808691397276e-33 2.498768065968450472e-33 1.761665144748200075e-33 8.295552866113321602e-33
-2.882017599999999943e-02 3.668246959217009332e-33 6.999194159577949366e-33 2.847078803852726225e-35 3.751369565928829242e-34 2.386425481346679731e-35 1.422485034458789286e-32 3.300468842550478514e-34 8.847961173486488263e-36
-2.801961559999999879e-02 1.383526899944632536e-33 2.219172234702034707e-34 4.216477176076783402e-35 3.170421872359876820e-34 6.947849683370272340e-37 4.355429210667888403e-33 1.507084584722179523e-33 2.499683728368893017e-34
-2.721905520000000162e-02 1.708122263470281514e-34 9.113519489996802382e-33 1.285832161801609317e-33 4.593404419530936231e-33 1.237842090902931257e-32 6.915478453339185688e-35 6.517429325241258175e-35 7.306889974716104293e-34
-2.641849469999999964e-02 1.921674861203065783e-34 1.076627036080055497e-32 4.536573279441091494e-33 1.888789828871019960e-32 1.575333170054720640e-34 7.901916129360392836e-34 1.395766474809866258e-33 4.433601783358072271e-34
-2.561793429999999899e-02 3.156828964414843969e-34 1.813810666083668750e-33 1.676475550103797625e-31 3.944782569713560257e-33 6.651067041025980395e-33 4.435940644218928299e-33 8.597074766275860745e-34 1.882257428980101802e-33
-2.481737380000000048e-02 3.947119059789386527e-34 1.397552071306260324e-33 7.759020917837158629e-34 3.847682653745778412e-34 1.483288267010844158e-34 1.385683531347586185e-33 3.039640239649999139e-34 9.154224267261100090e-35
-2.401681339999999984e-02 9.171128004590737917e-33 1.217013027102240487e-33 2.005448427981177494e-34 2.316564740033424381e-32 4.814674503967714787e-33 3.786381030425394089e-32 2.027232157417221876e-33 6.088397469660378841e-33
-2.321625290000000133e-02 1.557001665578471513e-34 7.611109428154997846e-35 1.038207291070993462e-33 7.218945974297258449e-35 4.322539438326566230e-33 9.141562726048571793e-33 1.348454233512431816e-32 3.847789579897659068e-36
-2.241569250000000069e-02 1.187582050099932686e-33 8.186151729416960279e-33 3.186896671282009376e-33 3.038699671431563273e-36 1.218734366056845027e-33 1.657876767902237211e-33 1.442267057190432262e-33 9.035562502919949860e-33
-2.161513199999999871e-02 6.998546669686776741e-33 2.295863540217240656e-33 3.907696880395438174e-32 1.191076399517526195e-32 5.482526582421731461e-33 2.426254698687790823e-32 6.525195163009170053e-33 1.156381259586067482e-33
-2.081457160000000153e-02 5.688866341267002992e-33 3.795347342394839541e-33 1.818547350602578199e-32 5.903457211191977633e-34 9.156539002231724851e-33 6.770153485142944424e-33 2.257949323785888773e-33 7.931596644926638234e-33
-2.001401109999999955e-02 9.770767253709038637e-36 1.009575932822252855e-32 1.329723766722103935e-33 3.523250226703915227e-33 3.291163800944402770e-34 1.211668331862845538e-32 6.442932197221857052e-33 2.421791319558916745e-37
-1.921345069999999891e-02 1.059432420360381006e-33 2.407348295456355362e-32 3.297033292983827881e-33 7.332804278466097420e-35 7.597554900046769439e-33 1.992375508744998676e-34 1.028309120954169353e-33 2.164202813271702804e-33
-1.841289029999999827e-02 1.358730766943276625e-33 5.795159247944776194e-32 5.812232223200032171e-33 1.719254570101279860e-34 5.087108946847561881e-35 9.246734272620365628e-34 5.228954129057309821e-34 1.713995938028299255e-35
-1.761232979999999976e-02 3.666295027339392762e-34 1.570174460521023138e-34 4.453677519715058391e-34 2.813093670799818767e-37 7.446900803033111215e-35 5.966186489114779370e-34 2.457327543805580946e-36 3.123076595400280565e-34
-1.681176939999999911e-02 2.531696312432260315e-32 1.737082028129324420e-32 6.390826058452286911e-33 1.804453392438134920e-33 4.416959272150804773e-32 1.655582934101176361e-31 2.088977348962569858e-32 1.400726826047601668e-35
-1.601120890000000060e-02 2.696429055855922902e-32 7.721762159436201545e-35 3.095922603758935766e-32 1.126646653545852152e-31 2.064517868793088333e-32 1.063570232484651145e-31 4.972400273223020577e-32 1.573419301148739091e-32
-1.521064849999999996e-02 2.370258816286665450e-34 2.521959789342929604e-35 3.888601054830636199e-33 1.379871014119807246e-33 1.836887113364622642e-34 2.860659746983952551e-35 3.698213065872196149e-33 2.159655756972316669e-36
-1.441008799999999972e-02 1.821031533119705532e-33 1.822891164064573671e-33 8.241518689672037237e-33 6.037577402833355170e-33 3.526911202076688465e-32 1.168374387539471162e-32 3.323093504576082977e-32 1.829235671205575652e-32
-1.360952760000000081e-02 3.657662289148181963e-32 6.908200616256695891e-32 3.622360203778799078e-33 2.346014304061916162e-32 9.142572977030640111e-33 1.533617586256815028e-32 3.616694407012213334e-31 1.998800882440672870e-33
-1.280896710000000056e-02 1.559142594620297566e-31 6.455373867445101486e-31 2.596997554583428284e-31 8.282224022344972236e-32 8.100491224840426378e-32 1.091977822581956637e-31 3.590888891010728295e-32 4.648262898108663044e-33
-1.200840669999999992e-02 1.600923448803386978e-32 1.960038399027627004e-33 1.010796042492637413e-33 4.635286917057113657e-32 1.390703011814553414e-31 2.647209654206434666e-32 1.789767179857283685e-36 1.246456939979399942e-31
-1.120784619999999968e-02 1.277226900079329827e-31 1.414414740991463231e-31 4.168757098166170142e-34 6.485956835919461892e-32 8.228976984481762508e-33 2.448025887247288721e-32 8.256485089813105006e-32 9.754755719852917049e-32
-1.040728580000000077e-02 2.181315830486542059e-33 2.861021387082755060e-33 5.788708178196965216e-32 2.087052243500103122e-34 2.248653864105211826e-34 1.616548146484655632e-33 4.658111721491556043e-33 7.844891401842241345e-33
-9.606725300000000523e-03 3.960226406507019797e-31 1.697662794344918917e-30 1.010558990023793919e-30 2.884174912298251047e-30 4.586149821313818399e-31 1.115185528921725439e-31 7.894060899634236162e-31 4.072456766332237240e-31
-8.806164899999999879e-03 2.775677317488318048e-31 8.301954565364491157e-31 3.077447761653279595e-32 1.958379001505477392e-32 8.447658010571605013e-31 1.046823250142783754e-30 1.568583967671904912e-30 2.545915027806178880e-30
-8.005604499999999235e-03 3.623590594101685634e-32 6.126417604035784776e-31 4.910227093435948373e-30 1.103971081623872198e-30 5.509131306055378968e-32 9.151306050459510968e-31 1.320598008261082735e-28 1.942224464952631675e-30
-7.205043999999999858e-03 1.330904836885890953e-30 9.717754388807267216e-31 4.480563939019115691e-31 5.307646167894126356e-29 2.831070060170475237e-27 9.616896054874254233e-31 8.534828405693578439e-24 3.801599218576424027e-31
-6.404483600000000082e-03 2.945202218965950070e-27 1.551820865483456755e-25 1.955516035946282847e-25 1.043337634275823904e-24 1.303806436683086727e-22 2.362960213204894115e-28 3.702601551807061836e-19 1.790032265754418378e-32
-5.603923099999999838e-03 1.098474917479048789e-22 5.454686185170790231e-21 6.858390971949404409e-21 3.267501157740498594e-20 4.089601939202648704e-18 4.374580463673626242e-24 9.638159835111920074e-15 3.708890226196561246e-28
-4.803362700000000061e-03 2.412165244545996523e-18 1.138436207520171379e-16 1.421114325965718533e-16 5.927482668401938143e-16 7.417909242380806678e-14 6.201148954921553661e-20 1.363380675305499161e-10 7.809071230853636130e-25
-4.002802199999999817e-03 2.949873911303549450e-14 1.300412637363689498e-12 1.607138287106869870e-12 5.587134279058648400e-12 6.990646930450273721e-10 4.102973846000831270e-16 9.018890356197999791e-07 2.829475346168012275e-21
-3.202241800000000041e-03 1.796947747891559001e-10 7.186766921418976145e-09 8.754819253728692734e-09 2.327946046032087965e-08 2.911899634095647137e-06 9.773041633498196993e-13 2.147349416786511339e-03 2.092600060911113968e-18
-2.401681299999999797e-03 4.644234673553647873e-07 1.596327120471012051e-05 1.900824810963219267e-05 3.245325475413551403e-05 4.057383059554618525e-03 4.555497640106735114e-10 1.000000000000000000e+00 2.827956939873321514e-21
-1.601120900000000020e-03 3.963581294353167150e-04 1.038365663858724017e-02 1.185206788212836426e-02 8.008024016599479475e-03 1.000000000000000000e+00 1.296061269361528970e-12 4.034238470546554732e-03 8.798589407030457491e-20
-8.005603999999999932e-04 7.151906889901653297e-02 9.810343989388840003e-01 1.000000000000000000e+00 7.190764040400760254e-05 1.083014054242868555e-02 1.146822764713858006e-11 6.252119416272889401e-06 1.241392157701991433e-16
0.000000000000000000e+00 1.000000000000000000e+00 9.020058707678179120e-06 2.879704818283854162e-01 5.424804735264673286e-05 7.747061931752651778e-05 7.611741738089681297e-09 7.603481434610881183e-09 2.743472919733324070e-13
8.005603999999999932e-04 7.174872616471734965e-02 1.000000000000000000e+00 9.778374935499102305e-01 1.080674870226111355e-02 1.021982308154939555e-04 6.255001141472304774e-06 1.217236333010448627e-11 6.939685899872687170e-10
1.601120900000000020e-03 3.981741125010893902e-04 1.060439522526892241e-02 1.161257233783839424e-02 1.000000000000000000e+00 7.966414199675267427e-03 4.034754662586749127e-03 2.462101334271245220e-12 1.534495312335066352e-06
2.401681299999999797e-03 4.668761212557255665e-07 1.631562531707208118e-05 1.863931925202069254e-05 4.057843247689732653e-03 3.236470119042498162e-05 1.000000000000000000e+00 4.533289256677509520e-10 2.143154654079538340e-03
3.202241800000000041e-03 1.807110807904917066e-10 7.348352097222992981e-09 8.588388963064192427e-09 2.912260926481906667e-06 2.323926626443324307e-08 2.147212822850221459e-03 9.743108218816534779e-13 1.000000000000000000e+00
4.002802199999999817e-03 2.967135095346985781e-14 1.329922451612588253e-12 1.576910892595291916e-12 6.991151130280279050e-10 5.580403473393685042e-12 9.017370030144553129e-07 4.093392999648460302e-16 1.353383699728164620e-03
4.803362700000000061e-03 2.426503549520800696e-18 1.164381172744678409e-16 1.394518915646529322e-16 7.417798899814854501e-14 5.922088845003849213e-16 1.362979663038574172e-10 6.188733078982689026e-20 3.793982013231967582e-07
5.603923099999999838e-03 1.105060484454833770e-22 5.578580122881761088e-21 6.730475812501976911e-21 4.089116846323618913e-18 3.265023447591032169e-20 9.634058892883111880e-15 4.373488537228746483e-24 4.004844620404799058e-11
6.404483600000000082e-03 3.178338459570614931e-27 1.578435579920620550e-25 1.964736816335585037e-25 1.304097045062541005e-22 1.044902079933116624e-24 3.700589058466520508e-19 1.356136467796866965e-28 2.050902633888769681e-15
7.205043999999999858e-03 3.174828362750417779e-30 4.595500234857984413e-30 4.244088987225608587e-35 2.191464330322531777e-27 6.442045773393753810e-29 8.523983660526449628e-24 1.909989306661358872e-30 5.888173492228712173e-20
8.005604499999999235e-03 1.284112617832106694e-34 2.196561073463197175e-32 2.575669285926796452e-31 8.518953712967598514e-32 4.321901428202782492e-35 1.306817920082487109e-28 1.136999972824323514e-34 1.044950902687682422e-24
8.806164899999999879e-03 3.700483520035693401e-33 1.276934401767565779e-32 1.674289488532458087e-33 1.381749389716074156e-33 7.773691876876901967e-33 6.025870973697741886e-33 1.905739679521672119e-32 1.333719271156759315e-29
9.606725300000000523e-03 1.416683032766511729e-31 1.086940957238542720e-30 5.368446261023980739e-31 1.581628556500684951e-30 2.312882454326745394e-31 4.085014817460194385e-32 4.631763946524270663e-31 2.294140460381593228e-31
1.040728580000000077e-02 3.220939609576082770e-31 6.901658627658418134e-31 5.470283386826976485e-30 1.761377251882723363e-31 2.358941663948499443e-33 1.485739099518904224e-31 3.030864894232103253e-31 7.954106599174288489e-31
1.120784619999999968e-02 3.306989236584933042e-31 3.930856278161969727e-31 1.794861204299946802e-33 1.272586258651494876e-31 1.886524719588456995e-32 7.201955037249695849e-32 1.799718419911779930e-31 2.941358756608857664e-31
1.200840669999999992e-02 2.202927259470201018e-32 3.081299733060283207e-33 2.105811379175848210e-33 1.063184019025001547e-31 2.447908144608983405e-31 4.589854095252015298e-32 1.546266555155972097e-34 1.726519805769293571e-31
1.280896710000000056e-02 2.842309912499970573e-32 1.093178302125817591e-31 6.089971738763179079e-32 1.731600905012420597e-32 2.106722811145770666e-32 2.517619741343618817e-32 1.812502869095026755e-32 3.685799060809595562e-34
1.360952760000000081e-02 6.212212624777462849e-33 3.684105330260181430e-33 1.064182054500506216e-33 2.747928046430498860e-33 7.821060374244453069e-34 7.116418864893836400e-34 2.077411738169885877e-32 7.360602842014558783e-34
1.441008799999999972e-02 2.567260614969569802e-33 3.663364004840206799e-33 8.254463595282159720e-33 5.631458403832511739e-33 3.195433536103163542e-32 8.891049033813804704e-33 2.434762059243905814e-32 2.323621904947748431e-32
1.521064849999999996e-02 3.773993347437494241e-33 2.333567981372347615e-33 5.193192099210921363e-32 3.184836932810079750e-32 3.419997396635454303e-34 9.852271914321225268e-34 8.391718797207814391e-32 1.721405697836472655e-34
1.601120890000000060e-02 4.765282976273864384e-33 2.103343133959121504e-34 7.630119830729643638e-33 2.593436491259478142e-32 3.488629833103512431e-33 1.775741073274208106e-32 1.323571256393931230e-32 3.122240229222096038e-33
1.681176939999999911e-02 1.140522573381080997e-33 3.661767693907162048e-34 3.509350304549144507e-34 2.432451420415523952e-35 8.328067270107358585e-34 4.973104787659238943e-33 5.084039903550455352e-34 1.221037667680600593e-34
1.761232979999999976e-02 2.250442897611619561e-33 1.713478048696752014e-35 5.404968258130897482e-33 4.706089321260647067e-35 1.599061599530223345e-33 1.113813021392170785e-32 1.064485758525534964e-33 9.022124546872214457e-33
1.841289029999999827e-02 4.349359898967955872e-33 2.840661035985268468e-32 2.115129212302020002e-32 7.122882785675940574e-34 9.269881162213697727e-34 5.244311580949178912e-33 2.952670202700968862e-33 2.016154717276930119e-35
1.921345069999999891e-02 3.440920156036448737e-35 2.728801204922931276e-32 4.982109123681196775e-33 3.895662888738414671e-35 9.495065387164772060e-33 1.551385838419022174e-33 2.349567234818956857e-33 3.093749163964270246e-33
2.001401109999999955e-02 9.322060912253874089e-34 2.934390751823198633e-32 1.961215965128387409e-32 1.469567265612398560e-32 1.243761994466424237e-34 2.685756608651846280e-32 1.807388053668965968e-32 8.457578308967892962e-35
2.081457160000000153e-02 1.563312717456615657e-33 2.619673494305977227e-33 4.367091566425348901e-33 4.347329816460698717e-35 1.560020149160505716e-33 3.909937498490654973e-33 2.757401836981621653e-33 2.031512262825432377e-33
2.161513199999999871e-02 3.029648919308547117e-36 9.790657072602908183e-36 5.852502035507534038e-35 7.112043869448024420e-36 7.825898642441839275e-37 4.720989707105879582e-35 2.757379250561536666e-36 3.846909602106450761e-37
2.241569250000000069e-02 3.422733495674468751e-33 1.100437016294078486e-32 5.844822212976320266e-35 2.021178027672242180e-35 1.448840271711105275e-34 2.645866624374932201e-33 6.527373735045431894e-33 1.090878589490949637e-32
2.321625290000000133e-02 2.774565224332418603e-34 1.021507308604365765e-33 3.970361910164723037e-33 3.516028278601122673e-34 1.813837362905803385e-32 2.195557120301727135e-32 3.439468149435949727e-32 4.217917093037754959e-34
2.401681339999999984e-02 7.798917909967440430e-34 6.241738737250960525e-34 1.492144107859651963e-33 2.117219039168511066e-33 4.834361066988955118e-34 4.807828966996658495e-33 7.441229470723147882e-34 1.598585386916517951e-34
2.481737380000000048e-02 6.713737754506262373e-33 2.053988995993977287e-32 4.033271439693701630e-33 1.806997357658864000e-36 2.727401781339186958e-33 1.374183142961960834e-32 2.601890749346946255e-34 8.570258652221880493e-35
2.561793429999999899e-02 3.406629795496050142e-34 1.004506853920259414e-33 4.506692206649672878e-32 7.471172477419540157e-34 1.473572397303097987e-33 1.848449711371024902e-34 2.133211912714029323e-35 9.902062363839118415e-34
2.641849469999999964e-02 5.599178823611714796e-36 1.190532287968161333e-32 2.226134821458720673e-34 9.649375721072088963e-33 1.287671874371524605e-34 1.450788890923995915e-33 1.064430622781038014e-33 3.572097664487898523e-33
2.721905520000000162e-02 1.765684333098963860e-34 1.475969801598507881e-32 2.892986644051742022e-33 6.740407648186527101e-34 1.649752781154882272e-32 3.742174194705405837e-39 4.605498397804243883e-34 7.732797495272777955e-34
2.801961559999999879e-02 4.327678738644148009e-33 6.016589232904658775e-34 2.872141609792155819e-33 1.352168337455129670e-34 1.016392126810788387e-34 7.623338039453188239e-33 2.202482449647384918e-33 1.499822041808307437e-33
2.882017599999999943e-02 2.256428889238182972e-33 6.900210515339125278e-34 1.503788364093724462e-35 4.831536528970445630e-34 1.291446297587520527e-33 9.544481396025907601e-33 2.721202787303981006e-33 2.498728335730985784e-35
2.962073650000000141e-02 1.783104882124075849e-33 1.455821908182533245e-33 4.866964019367213616e-34 9.246177088771996844e-35 5.180240099301882229e-34 1.247053343097599390e-33 1.379741661354456557e-34 1.721748472977363765e-33
3.042129689999999859e-02 3.501793913603040169e-32 3.061949966597210880e-32 4.270654281902670928e-34 1.067389731593503664e-32 9.881597283300463811e-33 2.585633320312536050e-32 6.180809428349673565e-33 1.305285545278754966e-32
3.122185740000000057e-02 1.954926436937510962e-32 1.643771900473706812e-33 5.873251268134928552e-34 4.735206723734987272e-35 2.048584572893651426e-34 5.313549948590656157e-33 1.854389380345329810e-33 3.923343213001485356e-35
3.202241780000000121e-02 1.016902853480983736e-33 2.210447319468040669e-34 2.909234999149114252e-35 3.346837987346167898e-34 4.864120495501889333e-35 7.365105335432496441e-34 6.037593202355881310e-35 2.412468523751031257e-35
3.282297829999999972e-02 4.492570209966060376e-36 7.136723371615950787e-33 6.420355238420075554e-34 2.482079404673598516e-33 2.817704324000618390e-34 7.675247888290078649e-34 4.131658006137498698e-36 7.486756982497753529e-37
3.362353869999999689e-02 5.168314117596774219e-35 4.866784089999202267e-34 2.065960126787889876e-36 2.233278084922898902e-34 1.806286649521294469e-35 3.172044694612055639e-36 9.206203231154117073e-36 1.216389228607103421e-34
3.442409920000000234e-02 5.773711535812808135e-36 5.899248002263578844e-38 3.190053587334869307e-32 7.813188661712514393e-35 3.369283905353688717e-34 1.331842986385116016e-33 8.437924495957404227e-34 1.652845477775029672e-34
3.522465959999999952e-02 5.578470243999378372e-33 3.734238847897339350e-33 2.341783772300674759e-33 1.780109477406267920e-33 8.092435167012120211e-34 3.942680151734425072e-33 3.291093508178737797e-34 1.333107504359353028e-33
3.602522009999999802e-02 5.405623465071967908e-34 2.693129216591102890e-34 1.006386006777591576e-33 7.585729941390319377e-33 1.290738584424130608e-33 2.938552621831865839e-33 2.460340470488669411e-34 3.282214217632434124e-33
3.682578050000000214e-02 1.738657802705102014e-34 2.322254706908648602e-33 8.109563584396644603e-33 3.588117953167345853e-33 1.537439606051261643e-33 6.945297181221158218e-34 2.682455064173507177e-33 9.962538074566780029e-34
3.762634089999999931e-02 4.835173146786210567e-35 3.382292527052245295e-34 2.752291378131972459e-34 1.380464995152355452e-35 1.433158395913586790e-34 2.060233673716998403e-34 3.437754469425344211e-33 4.670109304541759780e-34
3.842690139999999782e-02 6.599470733844854308e-33 1.094975925656251648e-34 1.333845578264486606e-34 7.782225607773783723e-33 2.966730723503095978e-33 1.217724016126844051e-36 1.581469717286310679e-32 6.527099321911350543e-34
3.922746180000000193e-02 1.914036068354244814e-36 1.181920436734631504e-32 3.059235490015517272e-32 1.187207664341176184e-33 1.096203348120581122e-35 2.805289620455433454e-32 1.148344914519270954e-33 7.178481420031296585e-34
4.002802230000000044e-02 3.133662193045731368e-34 1.697100084969029856e-32 8.756287709820134019e-33 3.512219467652827083e-33 8.798009657514625781e-33 1.660368952768601017e-33 5.342992309879705768e-33 2.111766539139754169e-34
4.082858269999999762e-02 2.304393793449427894e-34 3.225228287816942177e-32 2.923055608775826482e-32 3.445389705943403259e-33 1.693126498874607145e-33 5.866600572299596918e-33 2.085747232164941430e-32 5.611306737204109637e-35
4.162914320000000307e-02 6.668188583108883734e-35 1.094436285208526696e-34 1.484151672352255638e-34 1.310356779947307155e-35 1.089748072822672492e-34 5.372611404626119071e-38 1.327249196970881065e-34 4.087070964834276844e-34
4.242970360000000024e-02 7.598114422008066328e-32 3.200192013651049454e-33 6.769463144295031187e-32 1.294470457671870502e-32 3.944217681066484445e-35 1.017917894939962218e-31 1.115598228692590846e-32 7.729423855172135596e-33
4.323026409999999875e-02 1.383834625932598859e-32 1.386949972499864847e-33 4.554222979724644090e-36 3.097995388022889150e-32 1.319267436421561090e-32 9.360107523972771237e-32 3.819938560274177225e-33 1.692800063396261881e-33
4.403082450000000286e-02 3.074479856212308604e-33 7.288898239155923574e-34 1.478532217145668984e-34 1.494463190677811447e-32 5.267176948226303476e-33 3.425331922377152747e-33 1.365690138331388997e-31 1.237203459226629081e-35
4.483138500000000137e-02 5.297262500008136584e-34 7.877157569593063393e-33 1.281405223566499168e-31 8.448384156553696032e-33 5.728910114449191633e-32 3.458834192279593918e-32 5.531726105467046212e-33 3.067469996115469782e-33
4.563194539999999855e-02 9.522932818023600572e-32 3.085614200812695317e-31 3.848851820648354061e-31 1.554971855125102180e-32 1.109059738457937462e-31 1.079690424306093396e-32 1.350726647912864892e-34 2.504059973299170275e-32
4.643250589999999706e-02 2.079130174684902958e-34 1.724502848289991053e-32 5.054890769312480690e-33 7.962639440492773032e-34 5.519642774323310661e-33 7.625835290074637699e-33 7.374169426867441694e-33 1.578139682194203197e-34
4.723306630000000117e-02 5.752517273570133160e-32 6.358587047321874050e-32 1.229451729250990935e-32 4.771024191472153768e-32 3.923364701203475950e-32 2.310545650483432764e-34 7.833462330664875236e-33 9.317833074589975190e-33
4.803362669999999834e-02 4.365593118819118707e-33 9.773172024313704451e-33 1.088473598761031090e-31 1.118982669033856559e-32 1.122643001302655780e-32 8.440607867427591958e-32 1.891957250071868804e-31 4.686011927802112327e-32
4.883418719999999685e-02 4.013714778228132102e-31 1.525528888547905991e-30 2.916456689987124065e-31 1.097753985262874121e-31 1.449634363532547262e-30 3.384127289175117362e-32 2.758667404433557200e-33 1.844419844747868813e-30
4.963474760000000097e-02 8.041602738318168594e-31 2.432340137215117280e-30 9.841340249370619482e-31 1.736949862668696879e-30 5.753834533861369983e-32 1.779948036434449783e-32 7.815885263031950883e-31 8.009031186344498777e-31
5.043530809999999948e-02 1.101892348669543835e-31 2.635108419643761490e-31 2.922097173685214502e-32 2.481200893973765285e-30 1.053265921645178070e-33 2.691876455366585556e-32 5.185758209131495482e-31 1.513187825753522220e-33
5.123586849999999665e-02 2.504921406202424240e-30 2.364411160963775500e-30 3.256818134032275638e-31 5.691646158200336437e-33 1.582273538998718073e-30 1.765626033824316594e-31 1.549678923096638542e-29 7.029511851167848061e-30
5.203642900000000210e-02 2.204910471171752982e-32 2.699047714614679367e-29 5.087918879817981442e-30 7.266820803853286630e-30 1.882143704865969791e-30 5.447757007375426963e-30 1.814350514304551299e-30 2.450183411260712209e-30
5.283698939999999927e-02 1.186434359792903551e-30 3.995166794215521860e-30 2.127955003322592403e-29 2.367226713222145054e-30 1.337267721946777293e-30 4.618474300842143125e-30 6.597084640749365264e-32 7.902990272295933008e-29
5.363754989999999778e-02 6.718987275151419577e-30 1.227855640202637496e-29 3.900588897884887752e-30 1.320036769032949468e-29 3.859280117610637248e-31 3.422172524776601686e-28 4.878885966533863166e-29 1.249723578228244240e-30
5.443811030000000190e-02 2.011078370519739438e-29 3.685021516611126283e-30 4.265770065706186808e-30 1.843313539870204809e-29 9.943052962057040001e-29 3.767228449253141165e-30 1.420623281338999872e-28 5.439515078141945569e-28
5.523867080000000040e-02 3.350364782650005278e-29 7.822346399881907300e-29 1.139287721910164123e-29 5.943295086543782414e-29 7.211939558542277192e-29 3.936807985840541757e-29 1.896111791388544435e-31 2.025708120357155986e-28
5.603923119999999758e-02 5.207191097486265889e-29 2.491275897032973282e-28 5.009162513310446627e-30 9.223114303031841108e-31 2.951664267394898296e-30 2.452949296076435012e-28 9.229734526584830597e-29 1.921842654322549998e-28
5.683979160000000169e-02 3.790653695602469097e-29 4.659017130116380122e-29 2.513918173755690211e-29 2.803183755789978415e-29 8.188776991901925576e-30 5.006359925583693809e-29 1.158745982876170609e-29 6.326176109730442406e-28
5.764035210000000020e-02 1.212075539603656123e-30 1.185868599260150770e-30 2.584693134641499891e-31 5.548027908280970531e-30 4.298431122919941829e-29 3.406904964028044669e-30 9.527847941901601758e-29 8.802728154153358462e-30
5.844091249999999738e-02 1.090422402897898174e-31 6.314496168203428096e-31 2.703849232771079035e-29 1.915265248310258923e-31 2.325050399794388455e-30 3.614978843464799589e-32 1.278516209688358178e-29 3.234021708268589458e-29
5.924147300000000282e-02 7.694689792840212531e-31 1.599633574446093322e-30 4.011659932365915524e-31 1.585311139108644268e-32 2.241232777231370678e-31 2.801120494142024024e-30 1.665654732551981302e-30 1.155809041095648124e-30
6.004203340000000000e-02 1.547357393507557818e-32 1.289106546787491448e-31 5.655076789692687527e-31 1.918392812690137906e-30 3.255467080907311670e-30 9.580541199883408245e-32 1.269934050885139800e-32 1.134555111402819566e-31
6.084259389999999851e-02 1.139027911991262340e-33 4.102057861763357493e-32 1.050665456516285061e-32 7.131909601303367066e-33 5.569244478886282869e-32 3.143560330341414399e-32 8.840416901832481662e-33 2.761639700147604121e-31
6.164315430000000262e-02 1.260395725461650849e-31 7.398999273138038605e-33 2.108869796249943804e-33 1.230339669340392243e-31 2.913709038554649184e-31 1.333977496690446303e-32 7.362977638739765033e-31 3.396919414579665129e-32
6.244371480000000113e-02 1.184989126451638070e-32 1.744039228811870793e-32 3.517078628086182854e-33 6.064312617795365670e-33 6.701306984272462168e-36 1.294040375688417969e-32 8.190963871972139400e-33 2.113673796498572087e-32
6.324427520000000524e-02 7.823552969490456679e-33 3.565414148531285346e-34 1.287003484910140536e-32 3.856789136533652558e-34 2.397525414059587430e-33 8.634594878121480498e-35 6.082311318820732484e-32 1.837886662883939787e-32
6.404483569999999681e-02 1.204105954698547768e-35 8.705230296025768934e-33 1.230713068923777883e-33 1.565774824638708806e-34 3.113666385394395444e-34 2.338067076112247818e-33 8.139723225244113655e-34 1.598069479517927591e-33
6.484539609999999399e-02 3.738370465452105890e-32 3.574540966463065250e-33 1.608424687385069537e-32 6.855453341798706780e-33 9.023937720131294779e-34 6.185959594195236278e-32 4.297139855386674933e-32 6.910186564689999797e-33
6.564595659999999944e-02 5.827822127271926040e-32 1.012403087277605604e-31 9.278819163792840597e-33 4.797165183733825022e-33 6.122751531414178396e-33 3.246946123213105681e-32 3.355710256706710814e-32 5.101247631012764492e-34
6.644651699999999661e-02 3.376897026893192539e-33 1.144617185642152540e-33 7.167428236412996286e-33 4.931884486969496998e-34 8.151601528803941576e-33 2.028626582329832207e-33 3.782662834723434878e-35 2.946725513606316220e-33
6.724707739999999379e-02 1.462852194554492408e-32 2.586374953617649475e-32 1.538338727650202985e-32 3.798280649149600285e-34 4.436712462045607103e-34 5.203442341735797005e-33 9.825494096780400206e-33 3.311876648067970623e-32
6.804763789999999923e-02 6.380763973348749510e-32 3.538674962277289689e-33 8.054057524317714371e-33 5.375020971575539108e-33 1.831969606818232330e-33 7.295762536003346869e-33 2.164022349513488564e-33 9.636209925745557283e-32
6.884819829999999641e-02 2.279713430647933822e-36 1.761417017108176423e-31 1.169602545556751959e-31 1.751206644007763784e-32 2.261270366767920518e-32 9.850937996730558482e-33 8.931717875030086258e-33 1.369186033631523839e-32
6.964875880000000186e-02 5.067010951885159120e-33 1.301864882329831226e-32 6.496905047079291886e-32 3.096197233071491455e-33 3.389461354294193340e-32 1.262044408448437901e-32 1.749788007501412085e-32 7.369263936068945408e-33
7.044931919999999903e-02 7.754645362887658278e-32 5.591844550006528334e-32 1.715437675395810088e-31 3.989710628896795488e-33 3.331696798081127977e-37 1.438478431438700119e-32 6.348605329439375763e-33 3.346361436664259607e-32
7.124987970000000448e-02 2.775569809705078182e-32 4.727264926958029463e-34 1.408289365231695857e-31 7.996557947329636580e-33 2.297840067057677895e-33 3.546333498447738171e-32 4.058731255837974804e-32 9.694105580284117173e-34
7.205044010000000165e-02 3.203984835029322426e-32 1.137795787477799489e-32 5.731789532251708396e-33 4.241910036699250437e-34 1.087382507788283924e-33 9.183538960320677464e-33 1.024227505737960305e-33 5.938792724302923519e-34
7.285100059999999322e-02 1.545945912124974778e-32 3.006575109634491311e-32 5.321109523521045588e-32 3.501300361978478915e-33 6.383456879081353701e-33 1.071473139568458818e-34 1.464421955693669402e-32 1.167654049413793861e-33
7.365156100000000428e-02 5.865057157864790453e-32 2.020153402676298736e-31 1.264943247341328731e-33 4.290733393821428062e-33 2.647118732386002067e-34 1.496528139753389631e-33 1.262670928457368334e-32 5.226214613652793557e-33
7.445212149999999585e-02 2.536343099872164062e-32 2.952799549770672759e-32 2.050450145248712139e-33 6.199600515817964645e-35 6.577476019179774611e-33 1.142809199189767244e-32 5.755278119847395474e-33 8.792128481558803090e-33
7.525268190000000690e-02 8.909730542580674621e-33 5.214368757071630267e-32 1.630185546652440626e-34 5.968354183845059172e-34 6.511848930096953724e-34 2.621523635106922688e-33 2.200460576117533746e-33 1.554612272822337215e-34
7.605324230000000407e-02 1.273046668587927413e-33 9.502102297774968680e-35 1.833802125842827178e-32 4.953095880354872547e-34 2.504731926880308822e-34 2.887236733025985957e-33 1.158747149327264104e-33 1.223894502299153335e-35
7.685380279999999564e-02 1.071242798783552530e-32 4.923254190834687667e-32 9.156373197092679480e-35 3.159596658730898326e-33 4.200494244917023105e-33 1.843091122828024974e-32 0.000000000000000000e+00 7.549483280248282029e-33
7.765436320000000670e-02 7.225633519212435054e-33 4.674932002540026137e-33 1.443568757113948163e-33 9.529442208865165140e-34 5.044119151466139790e-32 1.744064801896486256e-33 1.567121868114048031e-33 1.039917263895234756e-33
7.845492369999999827e-02 5.113753711755404509e-36 1.193887396454107822e-32 1.722285633293610943e-34 5.043947840250876804e-32 1.933811673342959160e-33 1.591704401654564393e-33 3.302502225340632137e-35 6.115384976009836153e-34
7.925548409999999544e-02 0.000000000000000000e+00 1.542333821691898822e-33 4.509863394935718804e-34 1.464743354059212148e-33 1.307427288519854730e-33 6.358136180546147540e-33 1.143731748660645412e-34 8.956043645117479962e-34
8.005604460000000089e-02 0.000000000000000000e+00 0.000000000000000000e+00 0.000000000000000000e+00 0.000000000000000000e+00 0.000000000000000000e+00 0.000000000000000000e+00 0.000000000000000000e+00 0.000000000000000000e+00
