# HfO2 potential supercell
-1.0882255000   -4482.3358994400
-1.0228292400   -4546.0580864400
-0.9607536300   -4602.0689276400
-0.9018426560   -4650.2323855200
-0.8456811330   -4690.4449986000
-0.7919566600   -4722.7007710800
-0.7402514700   -4747.2446642400
-0.6902420390   -4764.4711358400
-0.6416081450   -4775.0131706400
-0.5939444700   -4779.7371730800
-0.5466924300   -4779.7184210400
-0.4992575010   -4776.2170570800
-0.4507119870   -4770.6438618000
-0.4000419860   -4764.4767111600
-0.3462851190   -4759.1478918000
-0.2885053800   -4755.8651400000
-0.2259160540   -4755.3294272400
-0.1578364910   -4757.4352458000
-0.0830788760   -4760.9685540000
-0.0000003680   -4763.1183512400
0.0830788760    -4760.9685540000
0.1578364910    -4757.4352458000
0.2259160540    -4755.3294272400
0.2885053800    -4755.8651400000
0.3462851190    -4759.1478918000
0.4000419860    -4764.4767111600
0.4507119870    -4770.6438618000
0.4992575010    -4776.2170570800
0.5466924300    -4779.7184210400
0.5939444700    -4779.7371730800
0.6416081450    -4775.0131706400
0.6902420390    -4764.4711358400
0.7402514700    -4747.2446642400
0.7919566600    -4722.7007710800
0.8456811330    -4690.4449986000
0.9018426560    -4650.2323855200
0.9607536300    -4602.0689276400
1.0228292400    -4546.0580864400
1.0882255000    -4482.3358994400
