# x(nm) V(x) (eV)
-0.0552694607 297.8847845874
-0.0547167661 286.9903440897
-0.0541640715 276.2052964664
-0.0536113769 265.5346486774
-0.0530586823 254.9834076827
-0.0525059877 244.5565804421
-0.0519532931 234.2591739157
-0.0514005985 224.0961950634
-0.0508479039 214.0726508451
-0.0502952093 204.1935482208
-0.0497425147 194.4638941504
-0.0491898200 184.8886955940
-0.0486371254 175.4729743407
-0.0480844308 166.2230381422
-0.0475317362 157.1474570370
-0.0469790416 148.2550309095
-0.0464263470 139.5545596441
-0.0458736524 131.0548431252
-0.0453209578 122.7645589835
-0.0447682632 114.6916660146
-0.0442155686 106.8438611438
-0.0436628740 99.2288409181
-0.0431101794 91.8543018844
-0.0425574848 84.7278954103
-0.0420047902 77.8568254140
-0.0414520955 71.2480402256
-0.0408994009 64.9084851823
-0.0403467063 58.8451056216
-0.0397940117 53.0646608741
-0.0392413171 47.5724198486
-0.0386886225 42.3729353130
-0.0381359279 37.4707554875
-0.0375832333 32.8704285837
-0.0370305387 28.5758325933
-0.0364778441 24.5883486543
-0.0359251495 20.9087765810
-0.0353724549 17.5379161878
-0.0348197603 14.4765081559
-0.0342670657 11.7233357920
-0.0337143710 9.2748212710
-0.0331616764 7.1272459923
-0.0326089818 5.2768913554
-0.0320562872 3.7192061224
-0.0315035926 2.4458734638
-0.0309508980 1.4475125498
-0.0303982034 0.7147424862
-0.0298455088 0.2379992944
-0.0292928142 0.0047401189
-0.0287401196 0.0000000000
-0.0281874250 0.2087437451
-0.0276347304 0.6159262485
-0.0270820358 1.2051333190
-0.0265293411 1.9571953046
-0.0259766465 2.8526120725
-0.0254239519 3.8718834900
-0.0248712573 4.9954844154
-0.0243185627 6.2037450623
-0.0237658681 7.4769437624
-0.0232131735 8.7953587803
-0.0226604789 10.1393260097
-0.0221077843 11.4912103342
-0.0215550897 12.8358962284
-0.0210023951 14.1584253610
-0.0204497005 15.4438394010
-0.0198970059 16.6776861281
-0.0193443113 17.8497611168
-0.0187916166 18.9519821947
-0.0182389220 19.9762828813
-0.0176862274 20.9145966963
-0.0171335328 21.7595252029
-0.0165808382 22.5082862291
-0.0160281436 23.1600473722
-0.0154754490 23.7139831417
-0.0149227544 24.1692680472
-0.0143700598 24.5251896066
-0.0138173652 24.7834988870
-0.0132646706 24.9483374193
-0.0127119760 25.0239451218
-0.0121592814 25.0145619131
-0.0116065868 24.9244277116
-0.0110538921 24.7579979883
-0.0105011975 24.5215427727
-0.0099485029 24.2222409379
-0.0093958083 23.8672781403
-0.0088431137 23.4638400364
-0.0082904191 23.0191122829
-0.0077377245 22.5403159617
-0.0071850299 22.0354717469
-0.0066323353 21.5133915549
-0.0060796407 20.9829210570
-0.0055269461 20.4529059248
-0.0049742515 19.9321918297
-0.0044215569 19.4296244432
-0.0038688623 18.9540370945
-0.0033161676 18.5141014007
-0.0027634730 18.1183752821
-0.0022107784 17.7754142948
-0.0016580838 17.4937739954
-0.0011053892 17.2820099402
-0.0005526946 17.1486776853
0.0000000000 17.1023327873
0.0005526946 17.1486786772
0.0011053892 17.2820114423
0.0016580838 17.4937756237
0.0022107784 17.7754157620
0.0027634730 18.1183763980
0.0033161676 18.5141020728
0.0038688623 18.9540373269
0.0044215569 19.4296243364
0.0049742515 19.9321915303
0.0055269461 20.4529055544
0.0060796407 20.9829207068
0.0066323353 21.5133912856
0.0071850299 22.0354715890
0.0077377245 22.5403159152
0.0082904191 23.0191123182
0.0088431137 23.4638401132
0.0093958083 23.8672782268
0.0099485029 24.2222410118
0.0105011975 24.5215428211
0.0110538921 24.7579980073
0.0116065868 24.9244277070
0.0121592814 25.0145618959
0.0127119760 25.0239451014
0.0132646706 24.9483374020
0.0138173652 24.7834988764
0.0143700598 24.5251896035
0.0149227544 24.1692680494
0.0154754490 23.7139831463
0.0160281436 23.1600473769
0.0165808382 22.5082862324
0.0171335328 21.7595252043
0.0176862274 20.9145966961
0.0182389220 19.9762828803
0.0187916166 18.9519821935
0.0193443113 17.8497611159
0.0198970059 16.6776861278
0.0204497005 15.4438394011
0.0210023951 14.1584253613
0.0215550897 12.8358962287
0.0221077843 11.4912103344
0.0226604789 10.1393260097
0.0232131735 8.7953587802
0.0237658681 7.4769437623
0.0243185627 6.2037450623
0.0248712573 4.9954844153
0.0254239519 3.8718834900
0.0259766465 2.8526120725
0.0265293411 1.9571953046
0.0270820358 1.2051333190
0.0276347304 0.6159262485
0.0281874250 0.2087437450
0.0287401196 0.0000000000
0.0292928142 0.0047401189
0.0298455088 0.2379992944
0.0303982034 0.7147424862
0.0309508980 1.4475125499
0.0315035926 2.4458734638
0.0320562872 3.7192061224
0.0326089818 5.2768913554
0.0331616764 7.1272459923
0.0337143710 9.2748212710
0.0342670657 11.7233357920
0.0348197603 14.4765081559
0.0353724549 17.5379161878
0.0359251495 20.9087765810
0.0364778441 24.5883486543
0.0370305387 28.5758325933
0.0375832333 32.8704285837
0.0381359279 37.4707554875
0.0386886225 42.3729353130
0.0392413171 47.5724198486
0.0397940117 53.0646608741
0.0403467063 58.8451056216
0.0408994009 64.9084851823
0.0414520955 71.2480402256
0.0420047902 77.8568254140
0.0425574848 84.7278954103
0.0431101794 91.8543018844
0.0436628740 99.2288409181
0.0442155686 106.8438611438
0.0447682632 114.6916660146
0.0453209578 122.7645589835
0.0458736524 131.0548431252
0.0464263470 139.5545596441
0.0469790416 148.2550309095
0.0475317362 157.1474570370
0.0480844308 166.2230381422
0.0486371254 175.4729743407
0.0491898200 184.8886955940
0.0497425147 194.4638941504
0.0502952093 204.1935482208
0.0508479039 214.0726508451
0.0514005985 224.0961950634
0.0519532931 234.2591739157
0.0525059877 244.5565804421
0.0530586823 254.9834076827
0.0536113769 265.5346486774
0.0541640715 276.2052964664
0.0547167661 286.9903440897
0.0552694607 297.8847845874
