# x psi2_state_0 psi2_state_1 psi2_state_2 psi2_state_3
-5.526946070000000183e-02 0.000000000000000000e+00 0.000000000000000000e+00 0.000000000000000000e+00 0.000000000000000000e+00
-5.471676610000000135e-02 2.814052846050364637e-32 2.114677888189582928e-33 5.255679005447507740e-32 2.651751521719661052e-33
-5.416407150000000087e-02 1.928904038688317134e-32 1.766464963079977713e-32 2.066796239324943769e-33 1.851851267576310632e-32
-5.361137690000000039e-02 2.242534077895944040e-32 9.651629863868936270e-33 1.961619268566932477e-33 1.713308705830651320e-32
-5.305868229999999991e-02 7.688264619508427660e-36 4.630551827995290769e-33 3.247564782765378002e-33 4.122212805383194896e-33
-5.250598769999999943e-02 1.622678332905161573e-32 1.455462208727040581e-34 7.079260159621679681e-33 2.919270852516969700e-35
-5.195329309999999895e-02 1.422069363315293944e-36 7.491910341133464981e-34 6.043886883470064969e-33 1.975240835065634650e-33
-5.140059849999999847e-02 9.446674463430926251e-34 1.594279262788055529e-33 2.887268377627070676e-33 2.092851118993594707e-33
-5.084790389999999799e-02 1.086869066872988425e-32 3.593439146596008397e-34 9.935935387379497670e-34 2.410342418345745349e-34
-5.029520929999999751e-02 5.705233757544144989e-34 7.517076437232839357e-34 1.399537587626003154e-34 1.033252718789396785e-32
-4.974251469999999703e-02 4.287005689449086883e-32 3.863752635908526305e-32 5.691629574189008701e-33 2.298147823935702221e-32
-4.918982000000000215e-02 1.068270233906776570e-32 3.364429750996909337e-33 7.678902934319742134e-33 1.890341668879684481e-32
-4.863712540000000167e-02 1.739835413222072145e-33 6.332902629435166373e-33 3.288762892616575127e-33 2.499607373348786489e-33
-4.808443080000000119e-02 1.306136255415106389e-32 9.064789918574512389e-33 4.741902973203592428e-33 3.674752305230182468e-32
-4.753173620000000071e-02 1.480220538733568524e-32 1.480438534540209871e-32 5.492506893762197299e-33 7.566261415681694011e-34
-4.697904160000000023e-02 2.193548612759196768e-32 1.057067883360601884e-34 1.897655687759333789e-33 1.249542082096658114e-36
-4.642634699999999975e-02 1.946955424625078452e-33 8.186766183906766977e-35 8.743781444575834646e-37 7.737517367866633066e-34
-4.587365239999999927e-02 2.311933311801948615e-32 2.148045517067449302e-34 1.175627306681011773e-33 1.379141119297931364e-32
-4.532095779999999879e-02 2.940242250665088211e-33 6.646763984601719027e-34 6.439926858143963481e-33 1.305834516169639807e-32
-4.476826319999999831e-02 8.474643121756716760e-33 4.463504878571742038e-33 3.833819989248474703e-32 3.271243585253383436e-33
-4.421556859999999783e-02 2.263263372691786700e-35 6.894265752919018861e-34 2.016388528214616534e-32 3.502981943648741772e-32
-4.366287399999999735e-02 1.080782642114557187e-32 2.748635578073679343e-32 1.517540773891429503e-33 1.503747061113039389e-32
-4.311017939999999687e-02 1.898213742251289954e-32 2.433995256518154000e-34 4.725059335032077065e-33 2.854515194057552323e-32
-4.255748480000000333e-02 5.112758072275369360e-32 5.416126541794638799e-32 2.301977027964907421e-35 7.496546404932753023e-34
-4.200479020000000285e-02 4.611498765706565405e-32 1.066647271650200078e-32 2.707637706806635880e-32 2.806552653072185055e-32
-4.145209550000000104e-02 5.683112921374315334e-32 8.977973679163205966e-33 1.656887119664809665e-33 5.820503201957653439e-32
-4.089940090000000056e-02 6.619391403000900004e-33 4.308693173663781298e-32 4.998326811991903004e-32 3.155260672742827613e-32
-4.034670630000000008e-02 1.344699371662774438e-32 1.624751072540048499e-33 1.305765841121659088e-32 5.686083336965808291e-33
-3.979401169999999960e-02 3.589349262839384596e-33 2.516462268669129443e-32 1.380427752285077207e-32 1.156932129765521338e-31
-3.924131709999999912e-02 4.221851695894158861e-32 7.953594515182495389e-33 3.805037844711770428e-32 3.349199993486595013e-32
-3.868862249999999864e-02 3.173590836675683086e-35 2.395886966384773547e-33 5.267721749041392710e-35 1.195014570844318658e-32
-3.813592789999999816e-02 1.581044922736816696e-33 5.735976245625834849e-33 2.094495150791717309e-34 1.676747165248671336e-32
-3.758323329999999768e-02 7.032970127479326020e-33 1.097664692374693214e-33 2.025836407455788789e-33 1.941407423449159379e-32
-3.703053869999999720e-02 1.574000857287064416e-33 9.200532236961557990e-35 1.555237543220117624e-32 1.703384264214543385e-33
-3.647784409999999672e-02 3.033677397112553710e-36 5.960791914158046713e-35 4.111152344396932994e-35 1.563353424422003717e-35
-3.592514950000000318e-02 1.968825046345632829e-32 8.032116761671177741e-32 1.500689666893022892e-33 7.037135170368584018e-32
-3.537245490000000270e-02 7.473925603580024870e-32 4.594371210799802586e-32 2.156198144995069370e-33 5.611624824797646785e-33
-3.481976030000000222e-02 5.254174513799337141e-31 1.534834453980678220e-30 3.221460457820664168e-31 2.900309750685167108e-31
-3.426706570000000174e-02 2.480222590609498761e-31 2.105990281978302177e-31 3.045085520921691116e-33 5.866010728551253023e-33
-3.371437099999999992e-02 3.260442639641967104e-33 6.168253064221875422e-33 1.426958601892032287e-33 6.114964441712423427e-34
-3.316167639999999944e-02 5.827781788324178360e-31 9.806312910599878556e-31 2.203718600812918613e-33 1.220349368421770126e-34
-3.260898179999999896e-02 9.376732892368029365e-32 1.260581832425978263e-31 1.406463825394584061e-31 4.729798080327492109e-32
-3.205628719999999848e-02 4.646153581190903037e-30 4.466014394446328528e-30 2.350423369341190287e-30 1.574428466204106440e-30
-3.150359259999999800e-02 3.105707143096339921e-32 3.882111487572003862e-28 1.514636344465009306e-29 3.886994825163934605e-26
-3.095089800000000099e-02 6.491170551280927209e-25 9.286615408832461552e-21 2.606998312787957339e-23 6.763593263905895007e-19
-3.039820340000000051e-02 4.015129563686320682e-18 5.757101035469023622e-14 1.609812443359905596e-16 4.166208207558972375e-12
-2.984550880000000003e-02 6.071497056472243646e-12 8.705473038199787750e-08 2.401105845065411471e-10 6.214100951747078076e-06
-2.929281419999999955e-02 1.018379909993147962e-06 1.460180052827676246e-02 3.863963382965244657e-05 1.000000000000000000e+00
-2.874011959999999907e-02 6.974344798237100656e-05 1.000000000000000000e+00 5.642061423278913000e-07 1.460174655236689406e-02
-2.818742499999999859e-02 5.404774621030940266e-10 7.749508771087105304e-06 4.584111289859973630e-12 1.186375416060987359e-07
-2.763473040000000158e-02 4.813004788116066484e-16 6.901025150585441679e-12 4.147718829566414089e-18 1.073423501509048311e-13
-2.708203580000000110e-02 1.121923913953847595e-22 1.605446039600078872e-18 9.699027539759939339e-25 2.516938140241618145e-20
-2.652934109999999929e-02 3.348356327915018387e-29 1.368886325546215435e-25 1.457143352326124520e-29 3.637870488784262273e-27
-2.597664649999999881e-02 2.403820609630638021e-29 3.886290591563216034e-30 8.157423394724186634e-30 1.548039298420744170e-29
-2.542395189999999833e-02 6.904936039986287240e-30 5.779607712290043601e-32 6.647006188364036604e-36 2.197379469354088296e-30
-2.487125730000000132e-02 2.102886667561005857e-30 3.403212581921868997e-30 4.128294678725658139e-31 1.840676461868919814e-32
-2.431856270000000084e-02 5.309922205887287177e-33 4.994120784035268445e-31 9.006336987965870344e-32 1.346725065871538738e-30
-2.376586810000000036e-02 9.764986095773090294e-31 1.891882836443897140e-31 2.422560581416652997e-33 1.306139800143607415e-30
-2.321317349999999988e-02 4.637904419682828924e-32 3.447103328543539585e-31 9.109011146841673137e-31 3.819973881291786124e-32
-2.266047889999999940e-02 1.882308658424971420e-33 3.368276107927408778e-33 8.802986494620847284e-31 2.577671457816216153e-31
-2.210778429999999892e-02 1.077339546674621152e-31 2.584728131512602937e-31 1.214779625373626726e-31 1.077593110932516386e-32
-2.155508969999999844e-02 6.433509520334598794e-32 3.664769676432059268e-31 2.145900562902605385e-32 1.776434381006981164e-33
-2.100239510000000143e-02 1.812445954824850179e-31 1.311794947812787721e-32 9.606998315548489681e-32 1.899390652336911539e-32
-2.044970050000000095e-02 5.052578685906415641e-31 4.865608301759301946e-31 2.702386816272521655e-31 9.017184154452246740e-33
-1.989700590000000047e-02 2.077381295555896683e-31 5.451490468441414066e-32 1.467520911149461496e-31 5.070322879346747774e-33
-1.934431129999999999e-02 1.392601921764896415e-31 1.799873101479946915e-32 1.139177396603359655e-33 1.426802149774697108e-32
-1.879161660000000164e-02 2.648149012730018423e-32 7.690837320512644959e-32 1.149542740957749712e-32 9.012135803696280337e-32
-1.823892200000000116e-02 1.381776203606308121e-32 6.413507621173597366e-32 6.651585435263528869e-33 2.558377303809747963e-33
-1.768622740000000068e-02 9.972545471087060850e-33 7.447102692971755314e-32 3.031346357172779304e-34 1.157412131747244118e-32
-1.713353280000000020e-02 2.048615958047403953e-32 1.620473392257026275e-32 5.133330822792738326e-35 3.456628258886865343e-35
-1.658083819999999972e-02 1.139549663965681956e-32 1.580038343841841144e-33 1.244261852494136222e-34 1.720376930944568455e-33
-1.602814359999999924e-02 1.982811086644891421e-34 6.117993534749210880e-35 1.757697478536917831e-33 1.066240313081269384e-33
-1.547544900000000050e-02 6.788175411429251454e-35 6.201352076596211162e-34 1.470438279672172329e-33 2.456513768775823085e-33
-1.492275440000000002e-02 7.378641349231553954e-34 2.116064064490577509e-34 1.759903507328573929e-33 1.876464479198741433e-34
-1.437005979999999954e-02 1.716549015274110105e-33 1.077965457344873528e-33 5.447204040344444231e-34 6.714463709810798087e-33
-1.381736520000000079e-02 1.114967619449019106e-33 1.751241715325851192e-33 1.263507636340071808e-33 4.603598390460746270e-34
-1.326467060000000031e-02 3.268341960693088233e-33 1.354494523151088590e-34 1.558478802257685739e-34 3.367027627999550939e-33
-1.271197599999999983e-02 2.013774731926454944e-33 7.303867984413842480e-34 3.525169284074882084e-33 1.128141546810186652e-33
-1.215928139999999935e-02 7.796386891099172150e-33 3.269271428627913705e-33 1.071610436406843709e-33 1.371465368635052516e-32
-1.160658680000000061e-02 1.281627914224596090e-34 7.797532974455227096e-33 8.840766363821285690e-33 7.162841745864192120e-34
-1.105389210000000053e-02 4.137517304581265763e-35 1.297910337923033143e-34 6.454218817299054689e-36 6.662326875262092279e-37
-1.050119750000000005e-02 1.373934513915720342e-33 5.036538160760452042e-35 4.321636461205535163e-35 1.562264960910642460e-33
-9.948502899999999566e-03 1.756658709642868848e-33 9.153216259013327420e-34 2.239262816511953518e-35 4.247248876431647782e-33
-9.395808300000000821e-03 4.211975472884951017e-34 1.553601491383622537e-33 1.346386953454076171e-33 1.038491892903319753e-33
-8.843113700000000341e-03 3.715440360731290447e-37 1.330377152484360368e-40 4.884345821395901441e-37 2.256139421330152003e-37
-8.290419099999999861e-03 7.419514836624457978e-33 1.034541372372190672e-32 2.138066995241772002e-32 1.376462460379412463e-32
-7.737724500000000248e-03 5.261146501171951592e-32 1.378959406273462770e-32 1.432963901353341805e-33 1.278927680955501727e-32
-7.185029899999999768e-03 1.035324252369432812e-32 4.136447287976694905e-34 3.546893800745174595e-33 1.447491507310714587e-32
-6.632335300000000156e-03 1.448517490719122975e-32 2.129749980681475156e-32 5.343801150282233728e-33 2.450910563777743988e-32
-6.079640699999999676e-03 3.647740117511764787e-36 4.690840027166082300e-36 5.515600178511413181e-37 6.894691615980296183e-37
-5.526946100000000063e-03 8.941823517830302260e-35 9.131080073342624971e-34 7.396104717111811805e-34 3.787766026161018965e-34
-4.974251499999999583e-03 1.421101523075418573e-31 1.253849101861990233e-31 3.550355746809952648e-32 7.575279975155272269e-32
-4.421556899999999971e-03 1.205632685890180687e-33 6.308142493870929541e-34 2.221297042848108097e-32 8.460271603128966894e-32
-3.868862299999999924e-03 2.417854973054033147e-32 5.892070817816183241e-32 2.310615077239159554e-32 9.408023888376445138e-32
-3.316167599999999844e-03 1.712504375357004752e-32 3.695372687323986483e-33 1.257021179643000306e-32 5.247982989284024397e-32
-2.763472999999999798e-03 3.174298155501813151e-34 5.932922837147220055e-32 7.492998724420334848e-32 7.521181646178202840e-32
-2.210778400000000185e-03 1.082197349821898404e-34 2.498340314644995476e-35 5.735434568660289549e-38 1.418866199847709209e-35
-1.658083799999999922e-03 2.497256966363008721e-32 2.909422535375570567e-32 5.108896790204215244e-33 1.674987454925537509e-36
-1.105389200000000093e-03 7.329034770691355310e-32 1.009720636611393966e-31 4.062415399798192555e-33 5.523880506505737031e-32
-5.526946000000000463e-04 2.373156831133401104e-32 5.971020843094278777e-32 1.923272307914491361e-32 9.217813809865969046e-33
0.000000000000000000e+00 2.419896044240892422e-31 1.012455169139228155e-32 1.276121031787287520e-31 1.402062656503843256e-31
5.526946000000000463e-04 7.622878998046063150e-33 1.835699841515321112e-32 4.431701439369580440e-33 3.392400033303110101e-33
1.105389200000000093e-03 1.658825071469986033e-31 2.244615146816204666e-31 1.508446316721270913e-32 1.914532149988084320e-31
1.658083799999999922e-03 3.121056833511479543e-34 1.778086930162913689e-34 8.018957393352404887e-35 1.037349007470877034e-35
2.210778400000000185e-03 3.674904752141907655e-33 5.887919921743653419e-34 1.055118033689857399e-34 1.219778258414758495e-33
2.763472999999999798e-03 9.205501796837406205e-33 3.278663844513008210e-32 6.126771170971226453e-32 7.659834141746695648e-32
3.316167599999999844e-03 7.498300198555839580e-33 9.072596696562568597e-34 1.245087426362757155e-32 4.514091492402996434e-32
3.868862299999999924e-03 2.736135017651276800e-32 2.762181968019298720e-32 1.570200583553660737e-32 4.855473856633179489e-32
4.421556899999999971e-03 6.878953840420340289e-33 1.759255992777125475e-33 5.338835102902578196e-32 2.770923870086233893e-31
4.974251499999999583e-03 1.030809173905195972e-31 1.048632926574733672e-31 3.577917087424450415e-32 4.443429291486908872e-32
5.526946100000000063e-03 8.944076647087550808e-37 1.895751700004346387e-35 1.177080922683263180e-36 9.864518135556438830e-36
6.079640699999999676e-03 1.166829593239735552e-31 1.552512853867422884e-31 1.262189461737166309e-32 3.694956691698646416e-33
6.632335300000000156e-03 3.169296100835808692e-31 3.447367717093541512e-31 6.502499210543182468e-32 3.802655662231149827e-31
7.185029899999999768e-03 1.840821151286794220e-33 3.242484199728410707e-35 6.150780549634031491e-37 1.267582259115061690e-33
7.737724500000000248e-03 3.799461511035063250e-35 4.940697344819594654e-36 1.016379908621510304e-36 1.026702884119888912e-35
8.290419099999999861e-03 9.502086320272223954e-36 9.666948309204445040e-36 2.100588135905338264e-35 1.843150997938223670e-35
8.843113700000000341e-03 1.737503597208956198e-34 1.186708462560429949e-34 1.711112527066823127e-34 2.411984638611164198e-36
9.395808300000000821e-03 2.154810482786610316e-34 1.185013340121796338e-33 6.410949161559677209e-34 8.269833296573175873e-34
9.948502899999999566e-03 2.785996934764338881e-33 9.896273078168026273e-34 2.349142256698119082e-35 6.823790505799050164e-33
1.050119750000000005e-02 6.442701106524385493e-35 1.551207841158058915e-35 1.027361777867702090e-37 1.316212344902745305e-34
1.105389210000000053e-02 2.680751752142508495e-33 5.711624127498412038e-33 6.299689150134278622e-34 8.024294276700014172e-35
1.160658680000000061e-02 1.021362884294776052e-34 2.396417002308168212e-33 1.495479478327029562e-33 6.943648413727231068e-34
1.215928139999999935e-02 2.616728681457091206e-33 2.908691386223798689e-33 1.651155615969968028e-35 8.660357381794095431e-33
1.271197599999999983e-02 5.448351992723894860e-33 1.616507175207871874e-33 6.076794017344024450e-33 3.954511433881772400e-33
1.326467060000000031e-02 3.695152625492596156e-33 5.870701075072687408e-37 1.227729480075662721e-35 4.420156881390036506e-33
1.381736520000000079e-02 2.806241847473004838e-33 3.283997129711734128e-33 1.553093855238437221e-34 2.514275872254253094e-34
1.437005979999999954e-02 1.348935768849284373e-33 1.032485403380762518e-35 1.038387281770520217e-34 1.679931812758981645e-33
1.492275440000000002e-02 6.005325180761768365e-35 2.208404599519800246e-34 5.714516293880543483e-34 2.734323549003606600e-35
1.547544900000000050e-02 2.422670168333608576e-34 1.633349831546826239e-35 5.094995215251903552e-37 1.633598490791067785e-34
1.602814359999999924e-02 1.490717513005906729e-33 1.171657384325642687e-37 3.817965364658056226e-33 2.566019360895736174e-33
1.658083819999999972e-02 1.008173867421396535e-31 8.560408479960829392e-33 6.169602821208672539e-35 1.287011942559747672e-32
1.713353280000000020e-02 5.151290681616429062e-33 4.737702099257587455e-33 6.616132862545709736e-35 9.483416634629511716e-34
1.768622740000000068e-02 2.205881219025115069e-34 1.933352615358520107e-33 3.116301908853003506e-35 9.142851654657068103e-34
1.823892200000000116e-02 8.100572213456826265e-33 1.768690123026963176e-32 6.302457151449169767e-33 1.149093317309476724e-33
1.879161660000000164e-02 6.743724008112360702e-32 1.276399638342862749e-31 6.183888305927150264e-32 2.184908744996783524e-31
1.934431129999999999e-02 4.834724186959234325e-31 7.267817205883198937e-32 3.085839818384061750e-35 2.994029404181634408e-32
1.989700590000000047e-02 5.741835583586921600e-32 1.393690161086754813e-32 3.986648302060739220e-32 1.395869602326248147e-33
2.044970050000000095e-02 5.006139460203729572e-31 4.858770934919418772e-31 3.804905139755883904e-31 5.543549025833924160e-33
2.100239510000000143e-02 5.159653720739753593e-32 3.850194334623548875e-33 2.904454634340107472e-32 7.370327426458490615e-33
2.155508969999999844e-02 6.770937321869512187e-31 1.331204518827492885e-30 8.886681532028340758e-32 1.433438595446629244e-31
2.210778429999999892e-02 1.896362488453091619e-31 7.009041149415358903e-31 1.592886010744651948e-31 3.515334767550901256e-32
2.266047889999999940e-02 4.549122162770312519e-34 3.980424794875993574e-32 5.154918669109335284e-31 1.092231420320485618e-31
2.321317349999999988e-02 5.806976962672011442e-31 2.495866761087108386e-32 1.631265022517947931e-31 5.616593347269816730e-31
2.376586810000000036e-02 1.882996114347034146e-33 1.149272631397323801e-30 1.916531357716312391e-30 1.317753638806307567e-31
2.431856270000000084e-02 6.311550022514048596e-31 6.479269784622821603e-31 2.846432676239052364e-30 2.366490765706516263e-31
2.487125730000000132e-02 2.696672346496912840e-31 4.285578858287322739e-34 7.635366713792020524e-32 6.316143180281497741e-31
2.542395189999999833e-02 9.229039428779466992e-33 5.623664527131904768e-30 1.250212247100386666e-30 5.114197209736018229e-31
2.597664649999999881e-02 8.379302011999973827e-31 1.499499440699064836e-29 1.198370222951242089e-30 1.054478016499034861e-29
2.652934109999999929e-02 1.378141303805587683e-25 7.188494544330542485e-29 3.223126617640509863e-27 2.472936975698588488e-29
2.708203580000000110e-02 1.605398860579557860e-18 1.121227820129604759e-22 2.518014231526289710e-20 9.561851700603297239e-25
2.763473040000000158e-02 6.901025183553906795e-12 4.813004688049093197e-16 1.073423643216574571e-13 4.147677772338159201e-18
2.818742499999999859e-02 7.749508771105768828e-06 5.404774606523318321e-10 1.186375415493462314e-07 4.584111081076265374e-12
2.874011959999999907e-02 1.000000000000000000e+00 6.974344798098142529e-05 1.460174654434657528e-02 5.642061438952238073e-07
2.929281419999999955e-02 1.460180052025591459e-02 1.018379911963842747e-06 1.000000000000000000e+00 3.863963382839684558e-05
2.984550880000000003e-02 8.705473030349945645e-08 6.071497356131910695e-12 6.214100951664548268e-06 2.401105831595003187e-10
3.039820340000000051e-02 5.757100677472753106e-14 4.015254349413420044e-18 4.166208170017382697e-12 1.609799988862150826e-16
3.095089800000000099e-02 9.286770473809136443e-21 6.455863184645860303e-25 6.763636572820765767e-19 2.624412495550439393e-23
3.150359259999999800e-02 3.823119554370119587e-28 2.583362195604206962e-30 3.767351968474457428e-26 1.909664453766773728e-30
3.205628719999999848e-02 3.508245097850235976e-31 2.546104572931024798e-30 2.067096995506499268e-30 1.344706307393580537e-31
3.260898179999999896e-02 6.040753145228574928e-31 8.607415076331080013e-31 9.224031876968681448e-31 2.783730434359135484e-31
3.316167639999999944e-02 5.862928652838725407e-31 9.374118011365182340e-31 1.528844728257223032e-32 1.516580353316400620e-34
3.371437099999999992e-02 1.040087974616878811e-30 1.935689346210909115e-30 7.489576326634387955e-31 2.877805840793920622e-31
3.426706570000000174e-02 3.186546883343326654e-32 3.118007949735831648e-32 1.899768152495341414e-34 3.489668501798350455e-34
3.481976030000000222e-02 4.830371907983976072e-31 1.312182240859241643e-30 2.853427383720544400e-31 2.271215910510907178e-31
3.537245490000000270e-02 7.640257590426990447e-32 8.855316976407498181e-32 2.207271516252816495e-33 1.200690161289913849e-33
3.592514950000000318e-02 4.770453869520300882e-34 2.096191845711923073e-33 1.827339124765386357e-35 9.675597223254149625e-34
3.647784409999999672e-02 7.161371371303744819e-35 4.303582268343493014e-34 3.600151174688635566e-34 1.900903140944780278e-34
3.703053869999999720e-02 1.698137704060981683e-33 3.091219673918782883e-33 3.025367354107564447e-33 1.360362700758997243e-32
3.758323329999999768e-02 4.085659906086283408e-34 4.728434607276708807e-35 8.808588324377519954e-33 5.255642787537972812e-33
3.813592789999999816e-02 1.559765304819257010e-33 2.251791180617872772e-33 1.575565424002069184e-32 3.131644956464678626e-33
3.868862249999999864e-02 5.458883632090235884e-33 1.974736849941100554e-33 6.980207981625015661e-34 9.987453129483408929e-34
3.924131709999999912e-02 9.077329134712227558e-32 2.731180363942157971e-32 2.643861569980793180e-32 2.413240957285289941e-32
3.979401169999999960e-02 6.233313740309600689e-33 8.354609089203086176e-33 8.799558384045915682e-33 1.340746168746414056e-32
4.034670630000000008e-02 6.749880406856027952e-33 9.825339865088574900e-34 2.287921555974620972e-32 1.049903240627940461e-34
4.089940090000000056e-02 3.556952468240593595e-32 1.021037926919728911e-32 2.113555385150340653e-32 1.944926462931784289e-32
4.145209550000000104e-02 8.518626651355275616e-33 1.385394664520860816e-31 2.818126884564576146e-31 8.137731628697603911e-35
4.200479020000000285e-02 5.113207170036527592e-32 2.655850898262878639e-32 4.047243057562229375e-33 4.233068591042125703e-33
4.255748480000000333e-02 1.061376740813051679e-32 5.128940100202669669e-33 1.105474075932274719e-32 1.503593586212115406e-32
4.311017939999999687e-02 1.779879262179704530e-32 2.420555210748652563e-33 2.336297716547082231e-32 1.935662737123077715e-32
4.366287399999999735e-02 1.152434425936016660e-31 5.775249444956931721e-32 1.061613327838175806e-31 2.171480021965766189e-31
4.421556859999999783e-02 2.600091456540109061e-32 1.512904152083400780e-32 1.696859582910293184e-33 1.780345929965184773e-34
4.476826319999999831e-02 9.808806673778352564e-33 6.285230407015212475e-32 5.029718408316977821e-33 4.606828294821142992e-35
4.532095779999999879e-02 2.811323516280565373e-32 4.125934862308913797e-33 6.671128907415862153e-32 7.893081812233585746e-33
4.587365239999999927e-02 8.367728949028264463e-33 9.705711323110197652e-33 2.671547884554886071e-32 2.399920800438636802e-32
4.642634699999999975e-02 4.413920261646833109e-33 1.678124596489791418e-34 6.834235775574234056e-34 5.515326507737162469e-34
4.697904160000000023e-02 6.679563761426405511e-34 2.136450534531850243e-34 6.795680570802387317e-33 1.188211124639539300e-33
4.753173620000000071e-02 3.766687670834771571e-35 6.445833573607924984e-34 7.221925914929182963e-33 4.907376177622647372e-33
4.808443080000000119e-02 3.165608650771986005e-33 5.197137751633533717e-33 7.232794329889638878e-33 1.864345068495277343e-35
4.863712540000000167e-02 2.632148416574334234e-36 5.291999320635399317e-33 9.112584478776869404e-35 1.364407442998267402e-32
4.918982000000000215e-02 7.694389496559583576e-36 3.312829317989430487e-35 1.463459927028154837e-32 2.562177559978214016e-34
4.974251469999999703e-02 2.529280477216494085e-32 2.910588503012383058e-33 8.548628172276670184e-34 1.503444501968342015e-33
5.029520929999999751e-02 4.049970195547938202e-35 6.373305422393314911e-35 2.809658859961685615e-32 1.959382376871831484e-32
5.084790389999999799e-02 3.870458536138834462e-34 1.089026130172272449e-32 1.669510899056118178e-33 9.353412326475714249e-35
5.140059849999999847e-02 6.153826069666967979e-34 1.598863357680543911e-33 3.416767789813967596e-33 9.866473061013734103e-33
5.195329309999999895e-02 3.592619617390135489e-33 1.535150819691650550e-33 4.919448188532983654e-33 1.015923449968738363e-33
5.250598769999999943e-02 4.687996203512928652e-33 1.138351418604184529e-33 7.384134897531881597e-33 4.363439900645523535e-34
5.305868229999999991e-02 1.339506064279873492e-32 1.731115843191793088e-34 2.711602381113661633e-33 3.121121058704917163e-32
5.361137690000000039e-02 1.065841441866205181e-33 3.918188090821510402e-33 1.046622058291549800e-33 7.630190403046135267e-34
5.416407150000000087e-02 9.728492455141929791e-33 1.203551356941604879e-33 8.271985087588150266e-33 3.836177349916525150e-32
5.471676610000000135e-02 0.000000000000000000e+00 6.331618903663365810e-32 4.396814068582977437e-32 4.396814068617732512e-34
5.526946070000000183e-02 0.000000000000000000e+00 0.000000000000000000e+00 0.000000000000000000e+00 0.000000000000000000e+00
