# AlN potential supercell
-2.5335009100    -1893.3062760000
-2.2943916400    -2608.3860780000
-2.0472094100    -2998.8004620000
-1.7977025500    -3192.7474720000
-1.5467321300    -3270.8953110000
-1.2912301200    -3283.0795780000
-1.0266923500    -3261.1915030000
-0.7493033700    -3226.9429510000
-0.4576114900    -3195.6163520000
-0.1541326700    -3177.3661920000
0.1540111400     -3177.3623560000
0.4574899700     -3195.6058780000
0.7491859000     -3226.9289360000
1.0265825700     -3261.1790250000
1.2911281700     -3283.0758960000
1.5466301700     -3270.9108650000
1.7976045100     -3192.7978520000
2.0471074500     -2998.9110410000
2.2943914300     -2608.3855360000
2.5335007000     -1893.3061480000
