# x(nm) V(x) (eV)
-0.0862089345 1390.9143724622
-0.0853468451 1294.5541727061
-0.0844847558 1203.5477109431
-0.0836226664 1117.7043791177
-0.0827605771 1036.8335691742
-0.0818984877 960.7446730571
-0.0810363984 889.2470827108
-0.0801743091 822.1501900797
-0.0793122197 759.2633871082
-0.0784501304 700.3960657408
-0.0775880410 645.3576179218
-0.0767259517 593.9574355957
-0.0758638623 546.0049107069
-0.0750017730 501.3094351998
-0.0741396836 459.6804010188
-0.0732775943 420.9272001084
-0.0724155050 384.8592244129
-0.0715534156 351.2858658768
-0.0706913263 320.0165164445
-0.0698292369 290.8605680603
-0.0689671476 263.6376239643
-0.0681050582 238.2414233473
-0.0672429689 214.5984192370
-0.0663808795 192.6352082692
-0.0655187902 172.2783870795
-0.0646567009 153.4545523034
-0.0637946115 136.0903005767
-0.0629325222 120.1122285350
-0.0620704328 105.4469328138
-0.0612083435 92.0210100488
-0.0603462541 79.7640335935
-0.0594841648 68.6191147328
-0.0586220754 58.5332113539
-0.0577599861 49.4532816088
-0.0568978968 41.3262836499
-0.0560358074 34.0991756294
-0.0551737181 27.7189156996
-0.0543116287 22.1324620127
-0.0534495394 17.2867727209
-0.0525874500 13.1288064262
-0.0517253607 9.6094170484
-0.0508632713 6.6928277428
-0.0500011820 4.3461275866
-0.0491390926 2.5364056570
-0.0482770033 1.2307510312
-0.0474149140 0.3962527865
-0.0465528246 0.0000000000
-0.0456907353 0.0090817490
-0.0448286459 0.3905871106
-0.0439665566 1.1116051621
-0.0431044672 2.1409561621
-0.0422423779 3.4551236722
-0.0413802885 5.0327110019
-0.0405181992 6.8523215345
-0.0396561099 8.8925586534
-0.0387940205 11.1320257418
-0.0379319312 13.5493261833
-0.0370698418 16.1230633610
-0.0362077525 18.8318406584
-0.0353456631 21.6542614588
-0.0344835738 24.5691612714
-0.0336214844 27.5601438124
-0.0327593951 30.6152839804
-0.0318973058 33.7228293184
-0.0310352164 36.8710273693
-0.0301731271 40.0481256761
-0.0293110377 43.2423717817
-0.0284489484 46.4420132290
-0.0275868590 49.6352975610
-0.0267247697 52.8104723207
-0.0258626803 55.9557850509
-0.0250005910 59.0596864196
-0.0241385017 62.1139779011
-0.0232764123 65.1132096171
-0.0224143230 68.0520129000
-0.0215522336 70.9250190818
-0.0206901443 73.7268594948
-0.0198280549 76.4521654711
-0.0189659656 79.0955683429
-0.0181038762 81.6516994424
-0.0172417869 84.1151901017
-0.0163796975 86.4806716529
-0.0155176082 88.7427755738
-0.0146555189 90.8968502947
-0.0137934295 92.9406241072
-0.0129313402 94.8723184608
-0.0120692508 96.6901548049
-0.0112071615 98.3923545890
-0.0103450721 99.9771392626
-0.0094829828 101.4427302752
-0.0086208934 102.7873490763
-0.0077588041 104.0092171154
-0.0068967148 105.1065558420
-0.0060346254 106.0775867055
-0.0051725361 106.9205313297
-0.0043104467 107.6339878622
-0.0034483574 108.2177277978
-0.0025862680 108.6717505423
-0.0017241787 108.9960555018
-0.0008620893 109.1906420822
0.0000000000 109.2555096896
0.0008620893 109.1906577300
0.0017241787 108.9960856094
0.0025862680 108.6717927337
0.0034483574 108.2177785090
0.0043104467 107.6340423413
0.0051725361 106.9205836366
0.0060346254 106.0776333641
0.0068967148 105.1065974132
0.0077588041 104.0092534093
0.0086208934 102.7873791236
0.0094829828 101.4427523274
0.0103450721 99.9771507919
0.0112071615 98.3923522885
0.0120692508 96.6901345883
0.0129313402 94.8722754627
0.0137934295 92.9405526830
0.0146555189 90.8967440204
0.0155176082 88.7426272461
0.0163796975 86.4804808314
0.0172417869 84.1149647698
0.0181038762 81.6514463648
0.0189659656 79.0952930338
0.0198280549 76.4518721946
0.0206901443 73.7265512649
0.0215522336 70.9246976622
0.0224143230 68.0516788043
0.0232764123 65.1128621088
0.0241385017 62.1136149933
0.0250005910 59.0593048756
0.0258626803 55.9553830345
0.0267247697 52.8100673867
0.0275868590 49.6349078476
0.0284489484 46.4416524927
0.0293110377 43.2420493979
0.0301731271 40.0478466386
0.0310352164 36.8707922906
0.0318973058 33.7226344296
0.0327593951 30.6151211311
0.0336214844 27.5600004709
0.0344835738 24.5690205247
0.0353456631 21.6541068040
0.0362077525 18.8316832548
0.0370698418 16.1229171455
0.0379319312 13.5492022013
0.0387940205 11.1319321476
0.0396561099 8.8925007097
0.0405181992 6.8523016127
0.0413802885 5.0327285821
0.0422423779 3.4551753432
0.0431044672 2.1410356211
0.0439665566 1.1117032446
0.0448286459 0.3907148998
0.0456907353 0.0092615400
0.0465528246 0.0002424641
0.0474149140 0.3965569712
0.0482770033 1.2311043601
0.0491390926 2.5367839296
0.0500011820 4.3464949787
0.0508632713 6.6931368064
0.0517253607 9.6096087114
0.0525874500 13.1288099927
0.0534495394 17.2865454693
0.0543116287 22.1320105824
0.0551737181 27.7182558410
0.0560358074 34.0983321063
0.0568978968 41.3252902397
0.0577599861 49.4521811024
0.0586220754 58.5320555556
0.0594841648 68.6179644607
0.0603462541 79.7629586788
0.0612083435 92.0200894142
0.0620704328 105.4462861096
0.0629325222 120.1119709071
0.0637946115 136.0904983603
0.0646567009 153.4552230229
0.0655187902 172.2794994484
0.0663808795 192.6366821904
0.0672429689 214.6001258027
0.0681050582 238.2431848389
0.0689671476 263.6392138525
0.0698292369 290.8617201503
0.0706913263 320.0172353020
0.0715534156 351.2862894749
0.0724155050 384.8594746620
0.0732775943 420.9273828562
0.0741396836 459.6806060507
0.0750017730 501.3097362385
0.0758638623 546.0053654126
0.0767259517 593.9580855660
0.0775880410 645.3584886919
0.0784501304 700.3971667831
0.0793122197 759.2647118327
0.0801743091 822.1517158339
0.0810363984 889.2487707795
0.0818984877 960.7464686627
0.0827605771 1036.8354014764
0.0836226664 1117.7061612138
0.0844847558 1203.5493398677
0.0853468451 1294.5555294314
0.0862089345 1390.9153218977
