# x psi2_state_0 psi2_state_1 psi2_state_2 psi2_state_3
-8.620893450000000069e-02 0.000000000000000000e+00 0.000000000000000000e+00 0.000000000000000000e+00 0.000000000000000000e+00
-8.534684509999999891e-02 0.000000000000000000e+00 5.235850540476249755e-33 6.223348934308937881e-34 4.712432631529316098e-33
-8.448475580000000540e-02 3.644688986673997156e-34 1.512922594292450704e-34 0.000000000000000000e+00 2.866960801632124005e-32
-8.362266640000000362e-02 3.033806839686678000e-33 5.682552454747519424e-34 1.538705348696288638e-33 1.617160573348152772e-33
-8.276057709999999623e-02 4.761590269522410829e-34 1.689801917690173011e-34 3.801890918482033284e-33 4.684831403429389123e-33
-8.189848769999999445e-02 3.759446456576917999e-34 6.799304603334686322e-36 3.697295433572237013e-33 4.153285795122113579e-33
-8.103639840000000094e-02 4.573331840418221542e-32 1.747656753925660694e-32 9.401522046757394716e-33 1.003231677068966533e-31
-8.017430909999999356e-02 1.427174857641884444e-32 1.618553790205751461e-33 1.477905062969492864e-34 1.165431985014576419e-33
-7.931221970000000565e-02 2.479097912629728218e-33 1.463691538033752266e-33 1.047689298115431638e-32 3.333249987409717730e-33
-7.845013039999999827e-02 4.690505590711934599e-32 1.954271380273558939e-33 1.069423857688668169e-31 2.817455474550463443e-32
-7.758804099999999648e-02 2.528409752056995551e-31 1.079842174934508864e-33 1.732414277394607845e-32 1.457323684480666333e-32
-7.672595170000000298e-02 9.562772312387309516e-34 3.057325007620043626e-33 1.131602315850232429e-33 4.078019766927280259e-32
-7.586386230000000119e-02 1.740464909795027402e-32 3.827495406034399536e-33 1.493641807798798119e-33 5.792423360018506231e-33
-7.500177299999999381e-02 1.076316799563731992e-34 1.543752036425793991e-32 8.876701896082818714e-33 2.472660587806096669e-35
-7.413968360000000590e-02 3.955369910329390759e-34 2.289514368672634620e-33 1.352196012611497519e-34 6.049112882312846082e-33
-7.327759429999999852e-02 8.158073460510669059e-33 2.940690494589244469e-33 2.332109122196658399e-33 5.434708036115648943e-32
-7.241550500000000501e-02 1.367774228128098468e-31 1.329665449019441408e-31 7.302419987299380025e-32 7.465236422811946178e-32
-7.155341560000000323e-02 2.794506622965764623e-35 3.431565784835966963e-34 8.992833922530632795e-33 2.189319493592235224e-33
-7.069132629999999584e-02 7.213137043348912720e-33 2.151940368159275385e-33 1.991985744797837407e-33 8.447591143228132723e-33
-6.982923689999999406e-02 1.428258279586051238e-32 1.034049833064043932e-31 6.183947774214336809e-33 1.474909648354767114e-32
-6.896714760000000055e-02 5.437416736635743183e-32 2.259799622269463466e-32 1.491067652661659087e-32 3.142157446289714920e-33
-6.810505819999999877e-02 1.883956800966630184e-32 7.565877027402381358e-34 5.252264711934481589e-32 3.261870662703767111e-33
-6.724296890000000526e-02 1.175474926811007545e-32 2.406496539434017803e-32 3.020730159188231600e-33 2.020732370770142532e-33
-6.638087950000000348e-02 1.002401753799843971e-32 8.620338445785960726e-34 2.721533017389367715e-32 1.137993150428175200e-31
-6.551879019999999609e-02 3.637840888456237722e-33 3.383803028642931792e-33 5.932645544105082844e-33 3.192832226753129869e-33
-6.465670090000000259e-02 4.986570466170904522e-32 1.522552319411609249e-32 2.371134877241321591e-33 1.450367220317649226e-33
-6.379461150000000080e-02 4.179818887066330896e-33 8.802554608089492679e-33 6.200146002813507177e-34 1.840256169316684702e-33
-6.293252219999999342e-02 1.826356299144656976e-33 2.698055158219951963e-34 1.638362152055644128e-34 2.618232288195556205e-34
-6.207043279999999857e-02 1.348419830675424993e-33 2.279548301355480411e-34 2.263225963208306296e-33 2.443113564625157920e-33
-6.120834349999999813e-02 9.463361598777243129e-33 1.145870204477798820e-33 3.351596405231905605e-35 2.601273849464582796e-35
-6.034625410000000328e-02 1.945916152139368535e-34 1.710555393032347749e-32 9.702681888048074591e-34 2.180249098070255334e-33
-5.948416480000000284e-02 1.945393216652242934e-33 5.492908066582946079e-34 3.687329797987075268e-33 2.301936173584884327e-33
-5.862207540000000106e-02 4.908756070088534709e-31 2.989689465419274540e-32 3.120829270796386721e-33 8.284262335739732201e-32
-5.775998610000000061e-02 1.413309707905453884e-33 1.038505528631325159e-32 3.365237132869812148e-34 8.865183570137661697e-33
-5.689789680000000016e-02 1.379432518876019401e-32 2.205338483938213105e-32 9.546088493598938121e-35 4.082916586840759205e-34
-5.603580739999999838e-02 2.005751829673268567e-30 1.519174752510361266e-30 2.980909828890391544e-30 1.633370412008875940e-31
-5.517371809999999793e-02 3.412007749406132125e-32 8.953104949372062486e-32 1.178861481150359491e-30 8.231294535246497557e-31
-5.431162870000000309e-02 2.541918933931456805e-30 7.538831724465130368e-30 3.624890925326316403e-30 3.719337471189214396e-32
-5.344953940000000264e-02 2.783626375620738054e-30 2.525332179118525977e-31 2.980750500204170487e-31 1.402026695877992503e-31
-5.258745000000000086e-02 4.835807972468728087e-32 6.547654153652348002e-33 1.836852145010909396e-32 1.627576371517789158e-32
-5.172536070000000041e-02 7.494447018494169738e-29 1.388241499429069279e-31 1.139037744226716745e-30 5.152275691936520970e-31
-5.086327129999999863e-02 4.502079475225421968e-25 8.021896921991043586e-29 1.681722262046606978e-25 2.760911110951152283e-30
-5.000118199999999818e-02 3.518090769599068031e-19 3.213836288660563142e-30 1.294673535536755191e-19 9.236277971559795874e-30
-4.913909260000000334e-02 1.169046800156775083e-13 9.585947302258657835e-30 4.267499319464588732e-14 2.909512471637028313e-29
-4.827700330000000289e-02 1.325011433647546505e-08 2.171256408492930698e-32 4.770027412024677743e-09 2.304629362084618098e-27
-4.741491400000000245e-02 3.548924705242133856e-04 1.438469555642562287e-24 1.241441870112582817e-04 4.160279957995207921e-23
-4.655282460000000067e-02 1.000000000000000000e+00 4.464277930320164067e-21 3.197330346822424008e-01 1.056099870779719267e-19
-4.569073530000000022e-02 3.197260082494985944e-01 1.687277202701447084e-21 1.000000000000000000e+00 3.260195126368392065e-19
-4.482864589999999844e-02 1.167500840888992334e-04 6.179549270692021996e-25 4.000324483689595085e-04 1.298853637900218098e-22
-4.396655659999999799e-02 5.339393698324856323e-09 3.564578947343199677e-30 1.888616815998427282e-08 5.483076693638713473e-27
-4.310446720000000315e-02 6.607693004469051472e-14 1.019299508441266017e-29 2.376075042072980343e-13 1.659906820270975697e-30
-4.224237790000000270e-02 3.144655793233659658e-19 8.625201251552604893e-29 1.142391350897010200e-18 1.722728941534988225e-29
-4.138028850000000092e-02 7.165146830824474202e-25 1.841389711619537962e-29 2.590266358095149809e-24 2.330774253170273395e-30
-4.051819920000000047e-02 1.333716061564258860e-29 5.690768325637117141e-30 2.887728556381682551e-29 8.223303941350061982e-30
-3.965610990000000002e-02 5.573045731748135346e-30 2.397526209607518834e-29 3.745853658748417052e-31 5.004975588243579398e-30
-3.879402049999999824e-02 1.125835656542359568e-29 4.619503624875654569e-30 1.851181701053312887e-29 2.203635885908915011e-29
-3.793193119999999779e-02 2.032686961753785537e-31 5.061701541380902462e-31 8.126405982522968427e-32 7.331595751415286010e-33
-3.706984180000000295e-02 1.010019763479669910e-29 3.854433552158269490e-29 2.259677002872899157e-30 7.626413778301982244e-30
-3.620775250000000250e-02 8.184183748395057565e-31 7.305251186299060234e-30 1.046222762746844017e-30 8.172573512797826292e-32
-3.534566310000000072e-02 3.112303343235722817e-30 5.292663985511143894e-31 6.071539339347888746e-33 1.147717403390044199e-30
-3.448357380000000028e-02 4.809759157066259945e-30 5.974874590725937740e-30 2.178396043618362557e-30 8.709575510605619696e-32
-3.362148439999999849e-02 5.429654473896073980e-32 1.111516027074047063e-32 6.594668245416782269e-33 2.130181623719683678e-31
-3.275939509999999805e-02 4.294624266567203924e-30 5.640301483168991305e-31 7.498119394063952548e-31 2.137940845755478745e-30
-3.189730579999999760e-02 7.446358692006851922e-31 3.215608152298282974e-33 4.319194101388949773e-32 1.777030152522859014e-30
-3.103521639999999929e-02 1.256886080411664875e-30 4.167369323381884197e-32 1.023420263802226756e-32 1.592419510510917216e-31
-3.017312709999999884e-02 3.833339171271172187e-31 1.038021703648603761e-31 6.178156414261588140e-32 6.868677414648595292e-32
-2.931103770000000053e-02 1.402772565555127370e-32 2.228469659730404261e-31 5.082761446430695530e-31 1.284726082754346593e-30
-2.844894840000000008e-02 2.960245379065085238e-31 4.885772638385780293e-31 1.345736773547112226e-31 1.165131291195798788e-31
-2.758685899999999830e-02 5.452011585777345699e-32 1.073987237011446047e-30 3.288660277717846824e-31 9.448109957387366815e-33
-2.672476970000000132e-02 3.237110772297343406e-31 7.411588989346257964e-31 1.692400068604197040e-31 3.044300538008722756e-31
-2.586268029999999954e-02 6.820029874656687102e-32 2.021075546440903100e-32 8.787923256335557939e-33 1.335813574185153643e-32
-2.500059099999999909e-02 6.613044949206107614e-32 4.167641361310093635e-33 1.862144658720873125e-33 1.262805258735861994e-32
-2.413850169999999865e-02 1.048205569185085708e-32 7.183288374271245866e-32 1.342558336219253772e-33 8.700602951304870207e-33
-2.327641230000000033e-02 2.877240707285202619e-32 1.812996438691446904e-32 3.173298782032101855e-34 5.235291610742268042e-32
-2.241432299999999989e-02 1.211229351277347131e-32 2.943710974720746377e-33 3.548358067906912622e-32 1.359561775081798996e-33
-2.155223360000000157e-02 3.392448970150738693e-32 1.393004602247679495e-33 1.085955776826580670e-33 3.759816708036674255e-32
-2.069014430000000113e-02 6.498717540035129910e-33 4.997891285730267840e-33 1.339655806035385224e-33 2.405630387263141569e-35
-1.982805489999999934e-02 9.226092240603333073e-33 8.293458927254039565e-34 3.842193375233063800e-33 2.337266183669107290e-35
-1.896596559999999890e-02 1.110085129154880031e-33 4.004963340148237253e-35 8.333193030620277785e-34 8.062823898390463481e-33
-1.810387620000000058e-02 1.405288376862355279e-36 2.707147981728330649e-33 2.392187608756204314e-34 2.309020748536543238e-33
-1.724178690000000014e-02 3.537857453498698695e-34 3.162938946111851343e-34 5.863203175770624230e-38 4.516177586668299414e-35
-1.637969749999999836e-02 1.797086804679196355e-33 3.422934514820433352e-34 7.873399390022133219e-34 7.117329394000146737e-34
-1.551760819999999964e-02 8.174608820840062176e-34 2.000649944800958403e-35 2.425959660344748531e-35 1.651264463973299510e-36
-1.465551889999999920e-02 6.712401384720320223e-33 6.181465133406297819e-34 2.179211986066337902e-35 8.115809652291341970e-35
-1.379342949999999915e-02 1.079036186973312006e-36 1.224370548601037797e-37 3.658211106453776069e-37 3.822614234046140118e-37
-1.293134020000000044e-02 9.476757892815753588e-35 2.759805415380371951e-35 1.045245753997756165e-32 1.129286187727666367e-32
-1.206925080000000039e-02 3.782808957863142289e-33 4.277037093352313806e-34 6.790122346834607549e-33 8.137345965569915043e-33
-1.120716149999999994e-02 2.341345827117006393e-33 2.915473017939141621e-34 2.047960246126672233e-32 2.283007884363379080e-32
-1.034507209999999990e-02 1.733116666919713233e-33 2.368657843877736507e-34 1.674507762490228480e-34 1.757225121937631777e-34
-9.482982799999999449e-03 1.264196392026208858e-36 1.650658882772647955e-37 5.026992021787312097e-39 4.378997860539161857e-39
-8.620893399999999401e-03 5.209975796959380214e-33 7.999569168330629942e-34 2.582329263013426383e-33 2.823207977966812391e-33
-7.758804099999999822e-03 1.699476982031934328e-33 1.688703489146349285e-34 3.974656022333649787e-33 4.376632227313379755e-33
-6.896714800000000242e-03 2.349922353859382445e-34 1.693695873573999982e-35 1.490070537676802350e-33 1.534925458404608983e-33
-6.034625400000000195e-03 4.855711000049482709e-33 7.738796561691813647e-34 8.751695928704058238e-35 1.438948069305054307e-34
-5.172536099999999748e-03 5.627079390986413762e-34 8.350703353454336836e-35 1.730667050360669168e-36 8.271725702686876906e-38
-4.310446699999999701e-03 1.977218333555785325e-32 2.888010978201295877e-33 2.953549758449004766e-35 3.926053814225012410e-35
-3.448357400000000121e-03 1.209425999656184974e-36 8.064862057181887916e-38 1.329307891544194591e-36 1.603519475528370767e-36
-2.586268000000000074e-03 6.068898731835707961e-34 3.850200482059948798e-34 3.292002498805250922e-33 4.484204539149100955e-33
-1.724178700000000061e-03 2.785748421284290143e-35 1.877442536699769739e-35 1.589361502127370276e-34 3.101517619832682246e-34
-8.620893000000000132e-04 2.069656815387392820e-34 9.161871480901652073e-35 5.011516009011487026e-35 2.694359616999140789e-34
0.000000000000000000e+00 2.393404044016815301e-34 3.350792023918466891e-34 3.719212219803378296e-34 7.811543083232670439e-34
8.620893000000000132e-04 1.518582167183898637e-36 1.057409974788530602e-34 4.672231980435950448e-34 8.222046273215837592e-34
1.724178700000000061e-03 9.166011373971691780e-36 2.404475284536463018e-34 1.560248664361087653e-33 2.560933142003254390e-33
2.586268000000000074e-03 2.454122066424816822e-37 1.676605080227609159e-37 8.744625345407825612e-36 1.232448099531162710e-35
3.448357400000000121e-03 6.143433086622166490e-35 1.237590097611539239e-35 1.898236446785596952e-35 1.527165366252116576e-35
4.310446699999999701e-03 1.648338980318204475e-32 2.426563200394979890e-33 3.973423335643573161e-34 4.635472833816859086e-34
5.172536099999999748e-03 4.931962199539934943e-34 7.340469896764920988e-35 5.900328972232992011e-36 2.162810667954905628e-36
6.034625400000000195e-03 3.656783915070651085e-33 6.239070545671652470e-34 3.134243132674492209e-34 4.604391488796880780e-34
6.896714800000000242e-03 3.142564073336085068e-33 4.105232570459650168e-34 8.432284532367087893e-33 9.003922064214783985e-33
7.758804099999999822e-03 9.751537879244062153e-34 8.173937875900807221e-35 2.774753334270699845e-33 3.034792054580440715e-33
8.620893399999999401e-03 4.106859005442095381e-35 6.772394142534674146e-36 2.746966996671488640e-35 3.175663147221554534e-35
9.482982799999999449e-03 1.305417666007293213e-32 1.767871416436868616e-33 8.310079388293129897e-34 9.225342593566277144e-34
1.034507209999999990e-02 2.929899984553688697e-32 4.026576441724598017e-33 4.061741794395523340e-33 4.370611581417484155e-33
1.120716149999999994e-02 4.384424738237812736e-34 5.833206886129611512e-35 1.716442023311269699e-33 1.912815425993708137e-33
1.206925080000000039e-02 6.975715207864478845e-36 8.973170697452326229e-37 4.171072787361639488e-36 5.023346720988505707e-36
1.293134020000000044e-02 2.779242014482089224e-37 3.024401035492389648e-38 7.304313244177333815e-36 7.918405457997566971e-36
1.379342949999999915e-02 6.654639865294660802e-33 7.631713370066262043e-34 2.835558835874970842e-35 1.518721862888148693e-35
1.465551889999999920e-02 1.358966274584277010e-33 6.078339743494205126e-35 4.459662325729024122e-34 6.474270541046640808e-34
1.551760819999999964e-02 4.583002331386020989e-33 3.456204633657125131e-34 3.504247362504071259e-36 1.007099457659638346e-35
1.637969749999999836e-02 1.001212537673679090e-34 6.006387372474089063e-36 5.789932571956600067e-35 1.325285336624992968e-34
1.724178690000000014e-02 1.347097588988377901e-32 1.229172861392863916e-32 1.171654293453476765e-33 2.604795919071062353e-35
1.810387620000000058e-02 1.937888014997185101e-34 1.455124847631223910e-34 8.775784977910452728e-37 1.520002367897024655e-33
1.896596559999999890e-02 7.711865330019348326e-35 2.514142637223661122e-34 1.569089584261075089e-33 7.336789042884548678e-33
1.982805489999999934e-02 1.561034347468529574e-32 1.589974086194694507e-34 1.225170229507795341e-33 1.955225717423476615e-35
2.069014430000000113e-02 4.988529308367302974e-33 1.050919689103467496e-32 1.195028159225498490e-33 3.294244285996770459e-34
2.155223360000000157e-02 1.742770255105364235e-32 5.872035806816063433e-34 7.510650450084972329e-33 1.304999546005800226e-32
2.241432299999999989e-02 3.351490830029592984e-33 1.550286123106207850e-33 9.260506927917120926e-33 2.497048435147255936e-33
2.327641230000000033e-02 6.486986084356941007e-33 8.464427177172396384e-33 2.765734187145438879e-36 9.651300792104447300e-33
2.413850169999999865e-02 2.290566801794988863e-33 7.062698730450830401e-33 1.633809739809153343e-37 1.070133130090671650e-33
2.500059099999999909e-02 8.164991021921071337e-32 1.772834352251382897e-32 5.623342579309775256e-36 2.007817128604502448e-32
2.586268029999999954e-02 6.834800423977253386e-31 2.516197525625053608e-31 6.918606926255379882e-32 7.351170250472809776e-32
2.672476970000000132e-02 1.272668850671153975e-31 3.575655489177655683e-31 7.551309481906829268e-32 1.468981513848352214e-31
2.758685899999999830e-02 1.280998250828518361e-33 2.207082006299456046e-32 8.650656393361742471e-33 5.906237106717025246e-35
2.844894840000000008e-02 1.136471332090305691e-31 2.953583109587613503e-31 4.460282551883451012e-32 2.025230871930846557e-32
2.931103770000000053e-02 1.414747616535616570e-32 4.007505068479157645e-31 8.056418790803834804e-31 2.274374266892411631e-30
3.017312709999999884e-02 1.101632100897090421e-30 1.846988439607310255e-31 6.710289486637428396e-32 5.346127153594403017e-31
3.103521639999999929e-02 4.110774452527947690e-31 2.349936015716604302e-32 8.164125292577519786e-33 3.563794663498714060e-32
3.189730579999999760e-02 7.336555353765871604e-31 8.972584494198989123e-33 8.672941723084165026e-32 1.858526032556279084e-30
3.275939509999999805e-02 1.422575893868341944e-30 3.331709881978478959e-31 2.630628604710099081e-31 9.283013126062520659e-31
3.362148439999999849e-02 1.942653936565290007e-31 5.137403052847968269e-32 7.933070429703525433e-32 1.059387427371742933e-30
3.448357380000000028e-02 1.759983523300492289e-29 2.918695623906107346e-31 8.730110047864808563e-31 2.274745074472460060e-30
3.534566310000000072e-02 8.884670193472939795e-31 1.115001287835071219e-30 1.957700987747324042e-32 3.370464286375966291e-31
3.620775250000000250e-02 6.390781580948933561e-30 3.249546696664543214e-30 1.170331199424178374e-31 9.653586924650533905e-31
3.706984180000000295e-02 1.314408693817988984e-30 1.155005165744976304e-29 7.136447482552716143e-30 1.140023919867639799e-30
3.793193119999999779e-02 1.343918388237358836e-32 4.152282266312569420e-31 3.514696241976165311e-31 3.668141180600697541e-31
3.879402049999999824e-02 5.718727423538498087e-30 3.063432329014307404e-29 2.131817219025389792e-30 6.373748862603235522e-30
3.965610990000000002e-02 2.818752110419036428e-29 5.093325969853089245e-30 4.627713242843986403e-30 1.437294267135332625e-32
4.051819920000000047e-02 2.556782607431105697e-29 6.121446296767499520e-32 2.256511958625764228e-29 5.241591731537410624e-29
4.138028850000000092e-02 1.212543495563960721e-28 7.074332817541272268e-25 2.398365083895967842e-30 2.592576487110964027e-24
4.224237790000000270e-02 4.153609914278452264e-29 3.170167905324800213e-19 1.683095498239141312e-29 1.143215748712491976e-18
4.310446720000000315e-02 4.494063471906648202e-30 6.660785664855929287e-14 4.870130832681087647e-31 2.377599556914131856e-13
4.396655659999999799e-02 7.173960951220476298e-30 5.381554120171066371e-09 6.728683892555372203e-27 1.889623376005612090e-08
4.482864589999999844e-02 4.645361475327792010e-25 1.176447168043272528e-04 1.318469727215005303e-22 4.001750152725703819e-04
4.569073530000000022e-02 1.372511107662539109e-21 3.220137439635640253e-01 3.275452504050067452e-19 1.000000000000000000e+00
4.655282460000000067e-02 4.763474948890536196e-21 1.000000000000000000e+00 1.033471824027976872e-19 3.220210405085556227e-01
4.741491400000000245e-02 1.529945567601882520e-24 3.547561959790238788e-04 3.970551407461959071e-23 1.249613051530093185e-04
4.827700330000000289e-02 1.856772325325870087e-30 1.324232284317364392e-08 1.415192533729815951e-27 4.800175287449964889e-09
4.913909260000000334e-02 3.198916187529890298e-29 1.168220407908096186e-13 5.132925984288503850e-29 4.293847138347330280e-14
5.000118199999999818e-02 6.043032047003130705e-30 3.515333867290176001e-19 2.821159633699962207e-30 1.302571179907216207e-19
5.086327129999999863e-02 7.472539909212550763e-30 4.504182990084212189e-25 7.559687763099482631e-32 1.635658336331264702e-25
5.172536070000000041e-02 4.223872624499747017e-29 2.219410608912653649e-29 6.058885903054759243e-31 1.488145524195908956e-30
5.258745000000000086e-02 1.420152512418887766e-29 1.607404588777515324e-30 4.016897300082091609e-30 3.876676691808633721e-30
5.344953940000000264e-02 2.566153546321236877e-31 7.417730538402751070e-30 5.973756303281064588e-31 5.085462768000362308e-31
5.431162870000000309e-02 9.079357272748478209e-30 4.322084409033668842e-30 1.305654973165547100e-32 1.833782214502220982e-30
5.517371809999999793e-02 6.520461749185422349e-33 7.458854100687835091e-32 2.507282590025897257e-30 5.917272870951829676e-31
5.603580739999999838e-02 3.095098899892504699e-32 3.038802981816454596e-32 4.739461547088111776e-32 1.809871764188217363e-33
5.689789680000000016e-02 8.579886843381612720e-32 8.537992423761256034e-32 7.741185971524756473e-33 3.609565527657313861e-34
5.775998610000000061e-02 3.538957589001039625e-33 1.310137816292448719e-33 2.044978563673540809e-33 1.069878156498481839e-32
5.862207540000000106e-02 1.083184146606321469e-30 2.697615887385803640e-31 2.009922433310397723e-32 1.740338079955116472e-31
5.948416480000000284e-02 2.015603106272389724e-33 1.109546074728394722e-33 1.729282855156393682e-32 1.307898665917023064e-32
6.034625410000000328e-02 2.282980811242819095e-34 1.703563062523142088e-33 2.426738955603132262e-34 3.357899263296499619e-34
6.120834349999999813e-02 3.016658817558591482e-33 3.099781591019646751e-34 2.780181208873721176e-34 2.621754864158654062e-34
6.207043279999999857e-02 6.247636615686326460e-35 8.244918131751716500e-36 3.486066553253224156e-35 3.636424845790591069e-35
6.293252219999999342e-02 5.212138761728181132e-32 1.660832284756824566e-33 5.139697985680461942e-34 2.760963977136405673e-33
6.379461150000000080e-02 4.922615988301836575e-33 6.417667271713362215e-34 6.952790646207695822e-33 3.300679271204984355e-33
6.465670090000000259e-02 2.734209505872022140e-34 5.080800099950944313e-35 9.561946978009378611e-33 9.492542697102714173e-33
6.551879019999999609e-02 3.311350785959689186e-33 6.501032041196665055e-36 1.210436061421178672e-33 5.519990389535691004e-33
6.638087950000000348e-02 1.161848608043199000e-32 3.547207103482050235e-33 5.470298520269034674e-32 5.394041917896627432e-32
6.724296890000000526e-02 2.292940981234238698e-33 1.118366429495339036e-32 1.086858183883452746e-33 5.711807930695348812e-34
6.810505819999999877e-02 4.887737201813667723e-34 2.617927993453737327e-32 1.757774627748227248e-33 4.958996627147033394e-32
6.896714760000000055e-02 3.803763361344146482e-33 6.200282565260801282e-32 6.612569009150730338e-34 5.217847396494414648e-33
6.982923689999999406e-02 5.375479412228361518e-33 6.202376273605910433e-32 7.938092612320657284e-34 7.281336764678027293e-34
7.069132629999999584e-02 1.205935318885904015e-33 1.128794150166203532e-34 3.259300985770511725e-32 2.089009896930024916e-31
7.155341560000000323e-02 1.089682253629645331e-31 4.365417064900356286e-32 6.604551061018049876e-32 8.853379874495100250e-32
7.241550500000000501e-02 2.699893223987195748e-32 2.272643487405659429e-33 6.057775778596641501e-32 5.296705653806083039e-33
7.327759429999999852e-02 4.610905600793880008e-34 2.890144000523797166e-33 1.396740576982100546e-32 1.409289021218977225e-32
7.413968360000000590e-02 1.671326569830820286e-33 1.316171962189627610e-32 3.121471720305166445e-33 6.492354153068887096e-33
7.500177299999999381e-02 5.045795469581550359e-32 4.604863306832038323e-32 1.701155663149145981e-32 4.002322290474853997e-34
7.586386230000000119e-02 1.723550795050836068e-32 6.947864616823033584e-33 3.103103904367292790e-33 5.052162398700773894e-33
7.672595170000000298e-02 9.327805861398924879e-33 2.581231186679132449e-32 8.500426283426914586e-34 1.615286929122468863e-34
7.758804099999999648e-02 2.192057732786520813e-31 4.950941845799894712e-32 5.091371592067458685e-32 3.314433258222359667e-33
7.845013039999999827e-02 2.225903088706013247e-32 2.603629050733890043e-32 7.023006847607191931e-33 1.562463920969442287e-31
7.931221970000000565e-02 1.574535104763591407e-32 1.428817597042241690e-33 1.457861851589044001e-32 4.898818368598565659e-32
8.017430909999999356e-02 4.756599533607668025e-32 7.222354843363821498e-33 8.277799837881375892e-32 1.081259020120214450e-31
8.103639840000000094e-02 1.850957982955740338e-33 1.370250132239367606e-32 1.638253512165113731e-31 8.703556383247177844e-33
8.189848769999999445e-02 3.216328885464073302e-34 6.590609071761867154e-36 6.244378538473149793e-36 5.250621177145927526e-35
8.276057709999999623e-02 6.072606624926313200e-34 3.425081444362913450e-34 3.881165330081366099e-37 3.655316685519446114e-36
8.362266640000000362e-02 1.095795794175517420e-32 7.247268803319593958e-34 6.063089526565703041e-33 5.494587786230385774e-33
8.448475580000000540e-02 2.775609753595981523e-33 6.685355116804286879e-34 2.641836758074682203e-33 0.000000000000000000e+00
8.534684509999999891e-02 1.861557095225325684e-35 0.000000000000000000e+00 3.245614853273474762e-32 1.755049120172692244e-34
8.620893450000000069e-02 0.000000000000000000e+00 0.000000000000000000e+00 0.000000000000000000e+00 0.000000000000000000e+00
