# CsGeBr3-R2SCAN potential supercell
 -0.5400000000    -1607.6696749753
 -0.5389189189    -1608.0021891017
 -0.5378378378    -1608.3379739290
 -0.5367567568    -1608.6768111249
 -0.5356756757    -1609.0184891752
 -0.5345945946    -1609.3628032186
 -0.5335135135    -1609.7095548850
 -0.5324324324    -1610.0585521369
 -0.5313513514    -1610.4096091136
 -0.5302702703    -1610.7625459789
 -0.5291891892    -1611.1171887714
 -0.5281081081    -1611.4733692580
 -0.5270270270    -1611.8309247906
 -0.5259459459    -1612.1896981647
 -0.5248648649    -1612.5495374819
 -0.5237837838    -1612.9102960148
 -0.5227027027    -1613.2718320740
 -0.5216216216    -1613.6340088792
 -0.5205405405    -1613.9966944313
 -0.5194594595    -1614.3597613884
 -0.5183783784    -1614.7230869437
 -0.5172972973    -1615.0865527061
 -0.5162162162    -1615.4500445832
 -0.5151351351    -1615.8134526670
 -0.5140540541    -1616.1766711216
 -0.5129729730    -1616.5395980735
 -0.5118918919    -1616.9021355044
 -0.5108108108    -1617.2641891458
 -0.5097297297    -1617.6256683762
 -0.5086486486    -1617.9864861204
 -0.5075675676    -1618.3465587512
 -0.5064864865    -1618.7058059926
 -0.5054054054    -1619.0641508259
 -0.5043243243    -1619.4215193973
 -0.5032432432    -1619.7778409278
 -0.5021621622    -1620.1330476249
 -0.5010810811    -1620.4870745963
 -0.5000000000    -1620.8398597659
 -0.4989189189    -1621.1913437909
 -0.4978378378    -1621.5414699816
 -0.4967567568    -1621.8901842225
 -0.4956756757    -1622.2374348953
 -0.4945945946    -1622.5831728040
 -0.4935135135    -1622.9273511008
 -0.4924324324    -1623.2699252152
 -0.4913513514    -1623.6108527831
 -0.4902702703    -1623.9500935789
 -0.4891891892    -1624.2876094484
 -0.4881081081    -1624.6233642435
 -0.4870270270    -1624.9573237586
 -0.4859459459    -1625.2894556685
 -0.4848648649    -1625.6197294675
 -0.4837837838    -1625.9481164103
 -0.4827027027    -1626.2745894542
 -0.4816216216    -1626.5991232028
 -0.4805405405    -1626.9216938507
 -0.4794594595    -1627.2422791305
 -0.4783783784    -1627.5608582599
 -0.4772972973    -1627.8774118911
 -0.4762162162    -1628.1919220610
 -0.4751351351    -1628.5043721427
 -0.4740540541    -1628.8147467986
 -0.4729729730    -1629.1230319341
 -0.4718918919    -1629.4292146531
 -0.4708108108    -1629.7332832143
 -0.4697297297    -1630.0352269886
 -0.4686486486    -1630.3350364180
 -0.4675675676    -1630.6327029751
 -0.4664864865    -1630.9282191242
 -0.4654054054    -1631.2215782831
 -0.4643243243    -1631.5127747860
 -0.4632432432    -1631.8018038474
 -0.4621621622    -1632.0886615271
 -0.4610810811    -1632.3733446964
 -0.4600000000    -1632.6558510043
 -0.4589189189    -1632.9361788460
 -0.4578378378    -1633.2143273313
 -0.4567567568    -1633.4902962541
 -0.4556756757    -1633.7640860633
 -0.4545945946    -1634.0356978336
 -0.4535135135    -1634.3051332382
 -0.4524324324    -1634.5723945217
 -0.4513513514    -1634.8374844737
 -0.4502702703    -1635.1004064036
 -0.4491891892    -1635.3611641160
 -0.4481081081    -1635.6197618868
 -0.4470270270    -1635.8762044400
 -0.4459459459    -1636.1304969255
 -0.4448648649    -1636.3826448973
 -0.4437837838    -1636.6326542922
 -0.4427027027    -1636.8805314101
 -0.4416216216    -1637.1262828938
 -0.4405405405    -1637.3699157103
 -0.4394594595    -1637.6114371321
 -0.4383783784    -1637.8508547198
 -0.4372972973    -1638.0881763045
 -0.4362162162    -1638.3234099715
 -0.4351351351    -1638.5565640444
 -0.4340540541    -1638.7876470691
 -0.4329729730    -1639.0166677995
 -0.4318918919    -1639.2436351829
 -0.4308108108    -1639.4685583459
 -0.4297297297    -1639.6914465814
 -0.4286486486    -1639.9123093356
 -0.4275675676    -1640.1311561957
 -0.4264864865    -1640.3479968778
 -0.4254054054    -1640.5628412157
 -0.4243243243    -1640.7756991499
 -0.4232432432    -1640.9865807168
 -0.4221621622    -1641.1954960389
 -0.4210810811    -1641.4024553148
 -0.4200000000    -1641.6074688101
 -0.4189189189    -1641.8105468484
 -0.4178378378    -1642.0116998027
 -0.4167567568    -1642.2109380874
 -0.4156756757    -1642.4082721505
 -0.4145945946    -1642.6037124659
 -0.4135135135    -1642.7972695265
 -0.4124324324    -1642.9889538375
 -0.4113513514    -1643.1787759099
 -0.4102702703    -1643.3667462541
 -0.4091891892    -1643.5528753747
 -0.4081081081    -1643.7371737643
 -0.4070270270    -1643.9196518987
 -0.4059459459    -1644.1003202318
 -0.4048648649    -1644.2791891908
 -0.4037837838    -1644.4562691721
 -0.4027027027    -1644.6315705370
 -0.4016216216    -1644.8051036077
 -0.4005405405    -1644.9768786634
 -0.3994594595    -1645.1469059377
 -0.3983783784    -1645.3151956144
 -0.3972972973    -1645.4817578251
 -0.3962162162    -1645.6466026463
 -0.3951351351    -1645.8097400968
 -0.3940540541    -1645.9711801353
 -0.3929729730    -1646.1309326582
 -0.3918918919    -1646.2890074979
 -0.3908108108    -1646.4454144203
 -0.3897297297    -1646.6001631241
 -0.3886486486    -1646.7532632384
 -0.3875675676    -1646.9047243220
 -0.3864864865    -1647.0545558619
 -0.3854054054    -1647.2027672726
 -0.3843243243    -1647.3493678950
 -0.3832432432    -1647.4943669955
 -0.3821621622    -1647.6377737660
 -0.3810810811    -1647.7795973228
 -0.3800000000    -1647.9198467066
 -0.3789189189    -1648.0585308821
 -0.3778378378    -1648.1956587380
 -0.3767567568    -1648.3312390871
 -0.3756756757    -1648.4652806661
 -0.3745945946    -1648.5977921360
 -0.3735135135    -1648.7287820824
 -0.3724324324    -1648.8582590158
 -0.3713513514    -1648.9862313720
 -0.3702702703    -1649.1127075128
 -0.3691891892    -1649.2376957268
 -0.3681081081    -1649.3612042295
 -0.3670270270    -1649.4832411647
 -0.3659459459    -1649.6038146050
 -0.3648648649    -1649.7229325530
 -0.3637837838    -1649.8406029417
 -0.3627027027    -1649.9568336363
 -0.3616216216    -1650.0716324344
 -0.3605405405    -1650.1850070681
 -0.3594594595    -1650.2969652042
 -0.3583783784    -1650.4075144461
 -0.3572972973    -1650.5166623349
 -0.3562162162    -1650.6244163504
 -0.3551351351    -1650.7307839127
 -0.3540540541    -1650.8357723837
 -0.3529729730    -1650.9393890681
 -0.3518918919    -1651.0416412150
 -0.3508108108    -1651.1425360195
 -0.3497297297    -1651.2420806238
 -0.3486486486    -1651.3402821193
 -0.3475675676    -1651.4371475472
 -0.3464864865    -1651.5326839009
 -0.3454054054    -1651.6268981269
 -0.3443243243    -1651.7197971268
 -0.3432432432    -1651.8113877586
 -0.3421621622    -1651.9016768381
 -0.3410810811    -1651.9906711409
 -0.3400000000    -1652.0783774035
 -0.3389189189    -1652.1648023254
 -0.3378378378    -1652.2499525701
 -0.3367567568    -1652.3338347670
 -0.3356756757    -1652.4164555128
 -0.3345945946    -1652.4978213734
 -0.3335135135    -1652.5779388849
 -0.3324324324    -1652.6568145556
 -0.3313513514    -1652.7344548674
 -0.3302702703    -1652.8108662772
 -0.3291891892    -1652.8860552185
 -0.3281081081    -1652.9600281031
 -0.3270270270    -1653.0327913222
 -0.3259459459    -1653.1043512481
 -0.3248648649    -1653.1747142358
 -0.3237837838    -1653.2438866240
 -0.3227027027    -1653.3118747370
 -0.3216216216    -1653.3786848859
 -0.3205405405    -1653.4443233698
 -0.3194594595    -1653.5087964774
 -0.3183783784    -1653.5721104883
 -0.3172972973    -1653.6342716744
 -0.3162162162    -1653.6952863010
 -0.3151351351    -1653.7551606280
 -0.3140540541    -1653.8139009115
 -0.3129729730    -1653.8715134049
 -0.3118918919    -1653.9280043597
 -0.3108108108    -1653.9833800275
 -0.3097297297    -1654.0376466602
 -0.3086486486    -1654.0908105118
 -0.3075675676    -1654.1428778393
 -0.3064864865    -1654.1938549034
 -0.3054054054    -1654.2437479703
 -0.3043243243    -1654.2925633121
 -0.3032432432    -1654.3403072079
 -0.3021621622    -1654.3869859448
 -0.3010810811    -1654.4326058189
 -0.3000000000    -1654.4771731361
 -0.2989189189    -1654.5206942131
 -0.2978378378    -1654.5631753779
 -0.2967567568    -1654.6046229710
 -0.2956756757    -1654.6450433460
 -0.2945945946    -1654.6844428704
 -0.2935135135    -1654.7228279261
 -0.2924324324    -1654.7602049104
 -0.2913513514    -1654.7965802365
 -0.2902702703    -1654.8319603342
 -0.2891891892    -1654.8663516502
 -0.2881081081    -1654.8997606492
 -0.2870270270    -1654.9321938141
 -0.2859459459    -1654.9636576464
 -0.2848648649    -1654.9941586670
 -0.2837837838    -1655.0237034164
 -0.2827027027    -1655.0522984552
 -0.2816216216    -1655.0799503646
 -0.2805405405    -1655.1066657466
 -0.2794594595    -1655.1324512244
 -0.2783783784    -1655.1573134427
 -0.2772972973    -1655.1812590679
 -0.2762162162    -1655.2042947887
 -0.2751351351    -1655.2264273158
 -0.2740540541    -1655.2476633825
 -0.2729729730    -1655.2680097445
 -0.2718918919    -1655.2874731804
 -0.2708108108    -1655.3060604919
 -0.2697297297    -1655.3237785032
 -0.2686486486    -1655.3406340619
 -0.2675675676    -1655.3566340385
 -0.2664864865    -1655.3717853265
 -0.2654054054    -1655.3860948426
 -0.2643243243    -1655.3995695265
 -0.2632432432    -1655.4122163407
 -0.2621621622    -1655.4240422707
 -0.2610810811    -1655.4350543248
 -0.2600000000    -1655.4452595339
 -0.2589189189    -1655.4546649511
 -0.2578378378    -1655.4632776521
 -0.2567567568    -1655.4711047347
 -0.2556756757    -1655.4781533184
 -0.2545945946    -1655.4844305443
 -0.2535135135    -1655.4899435751
 -0.2524324324    -1655.4946995942
 -0.2513513514    -1655.4987058062
 -0.2502702703    -1655.5019694358
 -0.2491891892    -1655.5044977281
 -0.2481081081    -1655.5062979476
 -0.2470270270    -1655.5073773786
 -0.2459459459    -1655.5077433239
 -0.2448648649    -1655.5074031053
 -0.2437837838    -1655.5063640625
 -0.2427027027    -1655.5046335529
 -0.2416216216    -1655.5022189511
 -0.2405405405    -1655.4991276486
 -0.2394594595    -1655.4953670530
 -0.2383783784    -1655.4909445877
 -0.2372972973    -1655.4858676913
 -0.2362162162    -1655.4801438172
 -0.2351351351    -1655.4737804329
 -0.2340540541    -1655.4667850194
 -0.2329729730    -1655.4591650708
 -0.2318918919    -1655.4509280937
 -0.2308108108    -1655.4420816063
 -0.2297297297    -1655.4326331383
 -0.2286486486    -1655.4225902299
 -0.2275675676    -1655.4119604313
 -0.2264864865    -1655.4007513021
 -0.2254054054    -1655.3889704104
 -0.2243243243    -1655.3766253327
 -0.2232432432    -1655.3637236527
 -0.2221621622    -1655.3502729608
 -0.2210810811    -1655.3362808535
 -0.2200000000    -1655.3217549326
 -0.2189189189    -1655.3067028048
 -0.2178378378    -1655.2911320806
 -0.2167567568    -1655.2750503737
 -0.2156756757    -1655.2584653005
 -0.2145945946    -1655.2413844794
 -0.2135135135    -1655.2238155295
 -0.2124324324    -1655.2057660709
 -0.2113513514    -1655.1872437229
 -0.2102702703    -1655.1682561040
 -0.2091891892    -1655.1488108310
 -0.2081081081    -1655.1289155181
 -0.2070270270    -1655.1085777762
 -0.2059459459    -1655.0878052125
 -0.2048648649    -1655.0666054292
 -0.2037837838    -1655.0449860233
 -0.2027027027    -1655.0229545854
 -0.2016216216    -1655.0005186994
 -0.2005405405    -1654.9776859413
 -0.1994594595    -1654.9544638789
 -0.1983783784    -1654.9308600709
 -0.1972972973    -1654.9068820658
 -0.1962162162    -1654.8825374018
 -0.1951351351    -1654.8578336055
 -0.1940540541    -1654.8327781918
 -0.1929729730    -1654.8073786623
 -0.1918918919    -1654.7816425055
 -0.1908108108    -1654.7555771952
 -0.1897297297    -1654.7291901905
 -0.1886486486    -1654.7024889347
 -0.1875675676    -1654.6754808546
 -0.1864864865    -1654.6481733601
 -0.1854054054    -1654.6205738429
 -0.1843243243    -1654.5926896764
 -0.1832432432    -1654.5645282146
 -0.1821621622    -1654.5360967917
 -0.1810810811    -1654.5074027211
 -0.1800000000    -1654.4784532950
 -0.1789189189    -1654.4492557836
 -0.1778378378    -1654.4198174343
 -0.1767567568    -1654.3901454713
 -0.1756756757    -1654.3602470947
 -0.1745945946    -1654.3301294801
 -0.1735135135    -1654.2997997777
 -0.1724324324    -1654.2692651117
 -0.1713513514    -1654.2385325799
 -0.1702702703    -1654.2076092527
 -0.1691891892    -1654.1765021729
 -0.1681081081    -1654.1452183547
 -0.1670270270    -1654.1137647834
 -0.1659459459    -1654.0821484147
 -0.1648648649    -1654.0503761738
 -0.1637837838    -1654.0184549555
 -0.1627027027    -1653.9863916231
 -0.1616216216    -1653.9541930077
 -0.1605405405    -1653.9218659084
 -0.1594594595    -1653.8894170909
 -0.1583783784    -1653.8568532876
 -0.1572972973    -1653.8241811965
 -0.1562162162    -1653.7914074813
 -0.1551351351    -1653.7585387704
 -0.1540540541    -1653.7255816566
 -0.1529729730    -1653.6925426966
 -0.1518918919    -1653.6594284105
 -0.1508108108    -1653.6262452814
 -0.1497297297    -1653.5929997547
 -0.1486486486    -1653.5596982379
 -0.1475675676    -1653.5263471000
 -0.1464864865    -1653.4929526712
 -0.1454054054    -1653.4595212423
 -0.1443243243    -1653.4260590645
 -0.1432432432    -1653.3925723488
 -0.1421621622    -1653.3590672655
 -0.1410810811    -1653.3255499442
 -0.1400000000    -1653.2920264731
 -0.1389189189    -1653.2585028987
 -0.1378378378    -1653.2249852256
 -0.1367567568    -1653.1914794158
 -0.1356756757    -1653.1579913887
 -0.1345945946    -1653.1245270206
 -0.1335135135    -1653.0910921445
 -0.1324324324    -1653.0576925495
 -0.1313513514    -1653.0243339808
 -0.1302702703    -1652.9910221394
 -0.1291891892    -1652.9577626816
 -0.1281081081    -1652.9245612187
 -0.1270270270    -1652.8914233173
 -0.1259459459    -1652.8583544981
 -0.1248648649    -1652.8253602364
 -0.1237837838    -1652.7924459618
 -0.1227027027    -1652.7596170575
 -0.1216216216    -1652.7268788604
 -0.1205405405    -1652.6942366611
 -0.1194594595    -1652.6616957033
 -0.1183783784    -1652.6292611836
 -0.1172972973    -1652.5969382517
 -0.1162162162    -1652.5647320100
 -0.1151351351    -1652.5326475133
 -0.1140540541    -1652.5006897689
 -0.1129729730    -1652.4688637360
 -0.1118918919    -1652.4371743263
 -0.1108108108    -1652.4056264033
 -0.1097297297    -1652.3742247820
 -0.1086486486    -1652.3429742295
 -0.1075675676    -1652.3118794642
 -0.1064864865    -1652.2809451561
 -0.1054054054    -1652.2501759265
 -0.1043243243    -1652.2195763481
 -0.1032432432    -1652.1891509446
 -0.1021621622    -1652.1589041909
 -0.1010810811    -1652.1288405131
 -0.1000000000    -1652.0989642880
 -0.0989189189    -1652.0692798437
 -0.0978378378    -1652.0397914588
 -0.0967567568    -1652.0105033631
 -0.0956756757    -1651.9814197370
 -0.0945945946    -1651.9525447117
 -0.0935135135    -1651.9238823692
 -0.0924324324    -1651.8954367423
 -0.0913513514    -1651.8672118144
 -0.0902702703    -1651.8392115198
 -0.0891891892    -1651.8114397435
 -0.0881081081    -1651.7839003209
 -0.0870270270    -1651.7565970387
 -0.0859459459    -1651.7295336340
 -0.0848648649    -1651.7027137948
 -0.0837837838    -1651.6761411598
 -0.0827027027    -1651.6498193187
 -0.0816216216    -1651.6237518121
 -0.0805405405    -1651.5979421313
 -0.0794594595    -1651.5723937187
 -0.0783783784    -1651.5471099679
 -0.0772972973    -1651.5220942231
 -0.0762162162    -1651.4973497802
 -0.0751351351    -1651.4728798857
 -0.0740540541    -1651.4486877379
 -0.0729729730    -1651.4247764859
 -0.0718918919    -1651.4011492306
 -0.0708108108    -1651.3778090240
 -0.0697297297    -1651.3547588700
 -0.0686486486    -1651.3320017239
 -0.0675675676    -1651.3095404926
 -0.0664864865    -1651.2873780349
 -0.0654054054    -1651.2655171615
 -0.0643243243    -1651.2439606350
 -0.0632432432    -1651.2227111700
 -0.0621621622    -1651.2017714333
 -0.0610810811    -1651.1811440438
 -0.0600000000    -1651.1608315729
 -0.0589189189    -1651.1408365443
 -0.0578378378    -1651.1211614342
 -0.0567567568    -1651.1018086714
 -0.0556756757    -1651.0827806377
 -0.0545945946    -1651.0640796672
 -0.0535135135    -1651.0457080473
 -0.0524324324    -1651.0276680184
 -0.0513513514    -1651.0099617738
 -0.0502702703    -1650.9925914602
 -0.0491891892    -1650.9755591776
 -0.0481081081    -1650.9588669793
 -0.0470270270    -1650.9425168724
 -0.0459459459    -1650.9265108173
 -0.0448648649    -1650.9108507284
 -0.0437837838    -1650.8955384739
 -0.0427027027    -1650.8805758758
 -0.0416216216    -1650.8659647103
 -0.0405405405    -1650.8517067076
 -0.0394594595    -1650.8378035522
 -0.0383783784    -1650.8242568830
 -0.0372972973    -1650.8110682933
 -0.0362162162    -1650.7982393308
 -0.0351351351    -1650.7857714980
 -0.0340540541    -1650.7736662520
 -0.0329729730    -1650.7619250049
 -0.0318918919    -1650.7505491233
 -0.0308108108    -1650.7395399293
 -0.0297297297    -1650.7288986996
 -0.0286486486    -1650.7186266663
 -0.0275675676    -1650.7087250167
 -0.0264864865    -1650.6991948935
 -0.0254054054    -1650.6900373945
 -0.0243243243    -1650.6812535733
 -0.0232432432    -1650.6728444388
 -0.0221621622    -1650.6648109557
 -0.0210810811    -1650.6571540442
 -0.0200000000    -1650.6498745803
 -0.0189189189    -1650.6429733959
 -0.0178378378    -1650.6364512787
 -0.0167567568    -1650.6303089722
 -0.0156756757    -1650.6245471760
 -0.0145945946    -1650.6191665457
 -0.0135135135    -1650.6141676931
 -0.0124324324    -1650.6095511858
 -0.0113513514    -1650.6053175479
 -0.0102702703    -1650.6014672594
 -0.0091891892    -1650.5980007569
 -0.0081081081    -1650.5949184328
 -0.0070270270    -1650.5922206363
 -0.0059459459    -1650.5899076725
 -0.0048648649    -1650.5879798030
 -0.0037837838    -1650.5864372459
 -0.0027027027    -1650.5852801755
 -0.0016216216    -1650.5845087227
 -0.0005405405    -1650.5841229744
 0.0005405405     -1650.5841229744
 0.0016216216     -1650.5845087227
 0.0027027027     -1650.5852801755
 0.0037837838     -1650.5864372459
 0.0048648649     -1650.5879798030
 0.0059459459     -1650.5899076725
 0.0070270270     -1650.5922206363
 0.0081081081     -1650.5949184328
 0.0091891892     -1650.5980007569
 0.0102702703     -1650.6014672594
 0.0113513514     -1650.6053175479
 0.0124324324     -1650.6095511858
 0.0135135135     -1650.6141676931
 0.0145945946     -1650.6191665457
 0.0156756757     -1650.6245471760
 0.0167567568     -1650.6303089722
 0.0178378378     -1650.6364512787
 0.0189189189     -1650.6429733959
 0.0200000000     -1650.6498745803
 0.0210810811     -1650.6571540442
 0.0221621622     -1650.6648109557
 0.0232432432     -1650.6728444388
 0.0243243243     -1650.6812535733
 0.0254054054     -1650.6900373945
 0.0264864865     -1650.6991948935
 0.0275675676     -1650.7087250167
 0.0286486486     -1650.7186266663
 0.0297297297     -1650.7288986996
 0.0308108108     -1650.7395399293
 0.0318918919     -1650.7505491233
 0.0329729730     -1650.7619250049
 0.0340540541     -1650.7736662520
 0.0351351351     -1650.7857714980
 0.0362162162     -1650.7982393308
 0.0372972973     -1650.8110682933
 0.0383783784     -1650.8242568830
 0.0394594595     -1650.8378035522
 0.0405405405     -1650.8517067076
 0.0416216216     -1650.8659647103
 0.0427027027     -1650.8805758758
 0.0437837838     -1650.8955384739
 0.0448648649     -1650.9108507284
 0.0459459459     -1650.9265108173
 0.0470270270     -1650.9425168724
 0.0481081081     -1650.9588669793
 0.0491891892     -1650.9755591776
 0.0502702703     -1650.9925914602
 0.0513513514     -1651.0099617738
 0.0524324324     -1651.0276680184
 0.0535135135     -1651.0457080473
 0.0545945946     -1651.0640796672
 0.0556756757     -1651.0827806377
 0.0567567568     -1651.1018086714
 0.0578378378     -1651.1211614342
 0.0589189189     -1651.1408365443
 0.0600000000     -1651.1608315729
 0.0610810811     -1651.1811440438
 0.0621621622     -1651.2017714333
 0.0632432432     -1651.2227111700
 0.0643243243     -1651.2439606350
 0.0654054054     -1651.2655171615
 0.0664864865     -1651.2873780349
 0.0675675676     -1651.3095404926
 0.0686486486     -1651.3320017239
 0.0697297297     -1651.3547588700
 0.0708108108     -1651.3778090240
 0.0718918919     -1651.4011492306
 0.0729729730     -1651.4247764859
 0.0740540541     -1651.4486877379
 0.0751351351     -1651.4728798857
 0.0762162162     -1651.4973497802
 0.0772972973     -1651.5220942231
 0.0783783784     -1651.5471099679
 0.0794594595     -1651.5723937187
 0.0805405405     -1651.5979421313
 0.0816216216     -1651.6237518121
 0.0827027027     -1651.6498193187
 0.0837837838     -1651.6761411598
 0.0848648649     -1651.7027137948
 0.0859459459     -1651.7295336340
 0.0870270270     -1651.7565970387
 0.0881081081     -1651.7839003209
 0.0891891892     -1651.8114397435
 0.0902702703     -1651.8392115198
 0.0913513514     -1651.8672118144
 0.0924324324     -1651.8954367423
 0.0935135135     -1651.9238823692
 0.0945945946     -1651.9525447117
 0.0956756757     -1651.9814197370
 0.0967567568     -1652.0105033631
 0.0978378378     -1652.0397914588
 0.0989189189     -1652.0692798437
 0.1000000000     -1652.0989642880
 0.1010810811     -1652.1288405131
 0.1021621622     -1652.1589041909
 0.1032432432     -1652.1891509446
 0.1043243243     -1652.2195763481
 0.1054054054     -1652.2501759265
 0.1064864865     -1652.2809451561
 0.1075675676     -1652.3118794642
 0.1086486486     -1652.3429742295
 0.1097297297     -1652.3742247820
 0.1108108108     -1652.4056264033
 0.1118918919     -1652.4371743263
 0.1129729730     -1652.4688637360
 0.1140540541     -1652.5006897689
 0.1151351351     -1652.5326475133
 0.1162162162     -1652.5647320100
 0.1172972973     -1652.5969382517
 0.1183783784     -1652.6292611836
 0.1194594595     -1652.6616957033
 0.1205405405     -1652.6942366611
 0.1216216216     -1652.7268788604
 0.1227027027     -1652.7596170575
 0.1237837838     -1652.7924459618
 0.1248648649     -1652.8253602364
 0.1259459459     -1652.8583544981
 0.1270270270     -1652.8914233173
 0.1281081081     -1652.9245612187
 0.1291891892     -1652.9577626816
 0.1302702703     -1652.9910221394
 0.1313513514     -1653.0243339808
 0.1324324324     -1653.0576925495
 0.1335135135     -1653.0910921445
 0.1345945946     -1653.1245270206
 0.1356756757     -1653.1579913887
 0.1367567568     -1653.1914794158
 0.1378378378     -1653.2249852256
 0.1389189189     -1653.2585028987
 0.1400000000     -1653.2920264731
 0.1410810811     -1653.3255499442
 0.1421621622     -1653.3590672655
 0.1432432432     -1653.3925723488
 0.1443243243     -1653.4260590645
 0.1454054054     -1653.4595212423
 0.1464864865     -1653.4929526712
 0.1475675676     -1653.5263471000
 0.1486486486     -1653.5596982379
 0.1497297297     -1653.5929997547
 0.1508108108     -1653.6262452814
 0.1518918919     -1653.6594284105
 0.1529729730     -1653.6925426966
 0.1540540541     -1653.7255816566
 0.1551351351     -1653.7585387704
 0.1562162162     -1653.7914074813
 0.1572972973     -1653.8241811965
 0.1583783784     -1653.8568532876
 0.1594594595     -1653.8894170909
 0.1605405405     -1653.9218659084
 0.1616216216     -1653.9541930077
 0.1627027027     -1653.9863916231
 0.1637837838     -1654.0184549555
 0.1648648649     -1654.0503761738
 0.1659459459     -1654.0821484147
 0.1670270270     -1654.1137647834
 0.1681081081     -1654.1452183547
 0.1691891892     -1654.1765021729
 0.1702702703     -1654.2076092527
 0.1713513514     -1654.2385325799
 0.1724324324     -1654.2692651117
 0.1735135135     -1654.2997997777
 0.1745945946     -1654.3301294801
 0.1756756757     -1654.3602470947
 0.1767567568     -1654.3901454713
 0.1778378378     -1654.4198174343
 0.1789189189     -1654.4492557836
 0.1800000000     -1654.4784532950
 0.1810810811     -1654.5074027211
 0.1821621622     -1654.5360967917
 0.1832432432     -1654.5645282146
 0.1843243243     -1654.5926896764
 0.1854054054     -1654.6205738429
 0.1864864865     -1654.6481733601
 0.1875675676     -1654.6754808546
 0.1886486486     -1654.7024889347
 0.1897297297     -1654.7291901905
 0.1908108108     -1654.7555771952
 0.1918918919     -1654.7816425055
 0.1929729730     -1654.8073786623
 0.1940540541     -1654.8327781918
 0.1951351351     -1654.8578336055
 0.1962162162     -1654.8825374018
 0.1972972973     -1654.9068820658
 0.1983783784     -1654.9308600709
 0.1994594595     -1654.9544638789
 0.2005405405     -1654.9776859413
 0.2016216216     -1655.0005186994
 0.2027027027     -1655.0229545854
 0.2037837838     -1655.0449860233
 0.2048648649     -1655.0666054292
 0.2059459459     -1655.0878052125
 0.2070270270     -1655.1085777762
 0.2081081081     -1655.1289155181
 0.2091891892     -1655.1488108310
 0.2102702703     -1655.1682561040
 0.2113513514     -1655.1872437229
 0.2124324324     -1655.2057660709
 0.2135135135     -1655.2238155295
 0.2145945946     -1655.2413844794
 0.2156756757     -1655.2584653005
 0.2167567568     -1655.2750503737
 0.2178378378     -1655.2911320806
 0.2189189189     -1655.3067028048
 0.2200000000     -1655.3217549326
 0.2210810811     -1655.3362808535
 0.2221621622     -1655.3502729608
 0.2232432432     -1655.3637236527
 0.2243243243     -1655.3766253327
 0.2254054054     -1655.3889704104
 0.2264864865     -1655.4007513021
 0.2275675676     -1655.4119604313
 0.2286486486     -1655.4225902299
 0.2297297297     -1655.4326331383
 0.2308108108     -1655.4420816063
 0.2318918919     -1655.4509280937
 0.2329729730     -1655.4591650708
 0.2340540541     -1655.4667850194
 0.2351351351     -1655.4737804329
 0.2362162162     -1655.4801438172
 0.2372972973     -1655.4858676913
 0.2383783784     -1655.4909445877
 0.2394594595     -1655.4953670530
 0.2405405405     -1655.4991276486
 0.2416216216     -1655.5022189511
 0.2427027027     -1655.5046335529
 0.2437837838     -1655.5063640625
 0.2448648649     -1655.5074031053
 0.2459459459     -1655.5077433239
 0.2470270270     -1655.5073773786
 0.2481081081     -1655.5062979476
 0.2491891892     -1655.5044977281
 0.2502702703     -1655.5019694358
 0.2513513514     -1655.4987058062
 0.2524324324     -1655.4946995942
 0.2535135135     -1655.4899435751
 0.2545945946     -1655.4844305443
 0.2556756757     -1655.4781533184
 0.2567567568     -1655.4711047347
 0.2578378378     -1655.4632776521
 0.2589189189     -1655.4546649511
 0.2600000000     -1655.4452595339
 0.2610810811     -1655.4350543248
 0.2621621622     -1655.4240422707
 0.2632432432     -1655.4122163407
 0.2643243243     -1655.3995695265
 0.2654054054     -1655.3860948426
 0.2664864865     -1655.3717853265
 0.2675675676     -1655.3566340385
 0.2686486486     -1655.3406340619
 0.2697297297     -1655.3237785032
 0.2708108108     -1655.3060604919
 0.2718918919     -1655.2874731804
 0.2729729730     -1655.2680097445
 0.2740540541     -1655.2476633825
 0.2751351351     -1655.2264273158
 0.2762162162     -1655.2042947887
 0.2772972973     -1655.1812590679
 0.2783783784     -1655.1573134427
 0.2794594595     -1655.1324512244
 0.2805405405     -1655.1066657466
 0.2816216216     -1655.0799503646
 0.2827027027     -1655.0522984552
 0.2837837838     -1655.0237034164
 0.2848648649     -1654.9941586670
 0.2859459459     -1654.9636576464
 0.2870270270     -1654.9321938141
 0.2881081081     -1654.8997606492
 0.2891891892     -1654.8663516502
 0.2902702703     -1654.8319603342
 0.2913513514     -1654.7965802365
 0.2924324324     -1654.7602049104
 0.2935135135     -1654.7228279261
 0.2945945946     -1654.6844428704
 0.2956756757     -1654.6450433460
 0.2967567568     -1654.6046229710
 0.2978378378     -1654.5631753779
 0.2989189189     -1654.5206942131
 0.3000000000     -1654.4771731361
 0.3010810811     -1654.4326058189
 0.3021621622     -1654.3869859448
 0.3032432432     -1654.3403072079
 0.3043243243     -1654.2925633121
 0.3054054054     -1654.2437479703
 0.3064864865     -1654.1938549034
 0.3075675676     -1654.1428778393
 0.3086486486     -1654.0908105118
 0.3097297297     -1654.0376466602
 0.3108108108     -1653.9833800275
 0.3118918919     -1653.9280043597
 0.3129729730     -1653.8715134049
 0.3140540541     -1653.8139009115
 0.3151351351     -1653.7551606280
 0.3162162162     -1653.6952863010
 0.3172972973     -1653.6342716744
 0.3183783784     -1653.5721104883
 0.3194594595     -1653.5087964774
 0.3205405405     -1653.4443233698
 0.3216216216     -1653.3786848859
 0.3227027027     -1653.3118747370
 0.3237837838     -1653.2438866240
 0.3248648649     -1653.1747142358
 0.3259459459     -1653.1043512481
 0.3270270270     -1653.0327913222
 0.3281081081     -1652.9600281031
 0.3291891892     -1652.8860552185
 0.3302702703     -1652.8108662772
 0.3313513514     -1652.7344548674
 0.3324324324     -1652.6568145556
 0.3335135135     -1652.5779388849
 0.3345945946     -1652.4978213734
 0.3356756757     -1652.4164555128
 0.3367567568     -1652.3338347670
 0.3378378378     -1652.2499525701
 0.3389189189     -1652.1648023254
 0.3400000000     -1652.0783774035
 0.3410810811     -1651.9906711409
 0.3421621622     -1651.9016768381
 0.3432432432     -1651.8113877586
 0.3443243243     -1651.7197971268
 0.3454054054     -1651.6268981269
 0.3464864865     -1651.5326839009
 0.3475675676     -1651.4371475472
 0.3486486486     -1651.3402821193
 0.3497297297     -1651.2420806238
 0.3508108108     -1651.1425360195
 0.3518918919     -1651.0416412150
 0.3529729730     -1650.9393890681
 0.3540540541     -1650.8357723837
 0.3551351351     -1650.7307839127
 0.3562162162     -1650.6244163504
 0.3572972973     -1650.5166623349
 0.3583783784     -1650.4075144461
 0.3594594595     -1650.2969652042
 0.3605405405     -1650.1850070681
 0.3616216216     -1650.0716324344
 0.3627027027     -1649.9568336363
 0.3637837838     -1649.8406029417
 0.3648648649     -1649.7229325530
 0.3659459459     -1649.6038146050
 0.3670270270     -1649.4832411647
 0.3681081081     -1649.3612042295
 0.3691891892     -1649.2376957268
 0.3702702703     -1649.1127075128
 0.3713513514     -1648.9862313720
 0.3724324324     -1648.8582590158
 0.3735135135     -1648.7287820824
 0.3745945946     -1648.5977921360
 0.3756756757     -1648.4652806661
 0.3767567568     -1648.3312390871
 0.3778378378     -1648.1956587380
 0.3789189189     -1648.0585308821
 0.3800000000     -1647.9198467066
 0.3810810811     -1647.7795973228
 0.3821621622     -1647.6377737660
 0.3832432432     -1647.4943669955
 0.3843243243     -1647.3493678950
 0.3854054054     -1647.2027672726
 0.3864864865     -1647.0545558619
 0.3875675676     -1646.9047243220
 0.3886486486     -1646.7532632384
 0.3897297297     -1646.6001631241
 0.3908108108     -1646.4454144203
 0.3918918919     -1646.2890074979
 0.3929729730     -1646.1309326582
 0.3940540541     -1645.9711801353
 0.3951351351     -1645.8097400968
 0.3962162162     -1645.6466026463
 0.3972972973     -1645.4817578251
 0.3983783784     -1645.3151956144
 0.3994594595     -1645.1469059377
 0.4005405405     -1644.9768786634
 0.4016216216     -1644.8051036077
 0.4027027027     -1644.6315705370
 0.4037837838     -1644.4562691721
 0.4048648649     -1644.2791891908
 0.4059459459     -1644.1003202318
 0.4070270270     -1643.9196518987
 0.4081081081     -1643.7371737643
 0.4091891892     -1643.5528753747
 0.4102702703     -1643.3667462541
 0.4113513514     -1643.1787759099
 0.4124324324     -1642.9889538375
 0.4135135135     -1642.7972695265
 0.4145945946     -1642.6037124659
 0.4156756757     -1642.4082721505
 0.4167567568     -1642.2109380874
 0.4178378378     -1642.0116998027
 0.4189189189     -1641.8105468484
 0.4200000000     -1641.6074688101
 0.4210810811     -1641.4024553148
 0.4221621622     -1641.1954960389
 0.4232432432     -1640.9865807168
 0.4243243243     -1640.7756991499
 0.4254054054     -1640.5628412157
 0.4264864865     -1640.3479968778
 0.4275675676     -1640.1311561957
 0.4286486486     -1639.9123093356
 0.4297297297     -1639.6914465814
 0.4308108108     -1639.4685583459
 0.4318918919     -1639.2436351829
 0.4329729730     -1639.0166677995
 0.4340540541     -1638.7876470691
 0.4351351351     -1638.5565640444
 0.4362162162     -1638.3234099715
 0.4372972973     -1638.0881763045
 0.4383783784     -1637.8508547198
 0.4394594595     -1637.6114371321
 0.4405405405     -1637.3699157103
 0.4416216216     -1637.1262828938
 0.4427027027     -1636.8805314101
 0.4437837838     -1636.6326542922
 0.4448648649     -1636.3826448973
 0.4459459459     -1636.1304969255
 0.4470270270     -1635.8762044400
 0.4481081081     -1635.6197618868
 0.4491891892     -1635.3611641160
 0.4502702703     -1635.1004064036
 0.4513513514     -1634.8374844737
 0.4524324324     -1634.5723945217
 0.4535135135     -1634.3051332382
 0.4545945946     -1634.0356978336
 0.4556756757     -1633.7640860633
 0.4567567568     -1633.4902962541
 0.4578378378     -1633.2143273313
 0.4589189189     -1632.9361788460
 0.4600000000     -1632.6558510043
 0.4610810811     -1632.3733446964
 0.4621621622     -1632.0886615271
 0.4632432432     -1631.8018038474
 0.4643243243     -1631.5127747860
 0.4654054054     -1631.2215782831
 0.4664864865     -1630.9282191242
 0.4675675676     -1630.6327029751
 0.4686486486     -1630.3350364180
 0.4697297297     -1630.0352269886
 0.4708108108     -1629.7332832143
 0.4718918919     -1629.4292146531
 0.4729729730     -1629.1230319341
 0.4740540541     -1628.8147467986
 0.4751351351     -1628.5043721427
 0.4762162162     -1628.1919220610
 0.4772972973     -1627.8774118911
 0.4783783784     -1627.5608582599
 0.4794594595     -1627.2422791305
 0.4805405405     -1626.9216938507
 0.4816216216     -1626.5991232028
 0.4827027027     -1626.2745894542
 0.4837837838     -1625.9481164103
 0.4848648649     -1625.6197294675
 0.4859459459     -1625.2894556685
 0.4870270270     -1624.9573237586
 0.4881081081     -1624.6233642435
 0.4891891892     -1624.2876094484
 0.4902702703     -1623.9500935789
 0.4913513514     -1623.6108527831
 0.4924324324     -1623.2699252152
 0.4935135135     -1622.9273511008
 0.4945945946     -1622.5831728040
 0.4956756757     -1622.2374348953
 0.4967567568     -1621.8901842225
 0.4978378378     -1621.5414699816
 0.4989189189     -1621.1913437909
 0.5000000000     -1620.8398597659
 0.5010810811     -1620.4870745963
 0.5021621622     -1620.1330476249
 0.5032432432     -1619.7778409278
 0.5043243243     -1619.4215193973
 0.5054054054     -1619.0641508259
 0.5064864865     -1618.7058059926
 0.5075675676     -1618.3465587512
 0.5086486486     -1617.9864861204
 0.5097297297     -1617.6256683762
 0.5108108108     -1617.2641891458
 0.5118918919     -1616.9021355044
 0.5129729730     -1616.5395980735
 0.5140540541     -1616.1766711216
 0.5151351351     -1615.8134526670
 0.5162162162     -1615.4500445832
 0.5172972973     -1615.0865527061
 0.5183783784     -1614.7230869437
 0.5194594595     -1614.3597613884
 0.5205405405     -1613.9966944313
 0.5216216216     -1613.6340088792
 0.5227027027     -1613.2718320740
 0.5237837838     -1612.9102960148
 0.5248648649     -1612.5495374819
 0.5259459459     -1612.1896981647
 0.5270270270     -1611.8309247906
 0.5281081081     -1611.4733692580
 0.5291891892     -1611.1171887714
 0.5302702703     -1610.7625459789
 0.5313513514     -1610.4096091136
 0.5324324324     -1610.0585521369
 0.5335135135     -1609.7095548850
 0.5345945946     -1609.3628032186
 0.5356756757     -1609.0184891752
 0.5367567568     -1608.6768111249
 0.5378378378     -1608.3379739290
 0.5389189189     -1608.0021891017
 0.5400000000     -1607.6696749753
