# x(nm) V(x) (eV)
-0.0906043664 47.8362082509
-0.0896983228 46.1448078024
-0.0887922791 44.3922487665
-0.0878862354 42.6010046759
-0.0869801918 40.7900645476
-0.0860741481 38.9753539703
-0.0851681045 37.1701150273
-0.0842620608 35.3852482713
-0.0833560171 33.6296197953
-0.0824499735 31.9103362182
-0.0815439298 30.2329902843
-0.0806378861 28.6018793761
-0.0797318425 27.0201997191
-0.0788257988 25.4902178311
-0.0779197551 24.0134217020
-0.0770137115 22.5906533832
-0.0761076678 21.2222247823
-0.0752016241 19.9080182713
-0.0742955805 18.6475736114
-0.0733895368 17.4401625885
-0.0724834932 16.2848526379
-0.0715774495 15.1805606422
-0.0706714058 14.1260979950
-0.0697653622 13.1202079214
-0.0688593185 12.1615959839
-0.0679532748 11.2489546031
-0.0670472312 10.3809823515
-0.0661411875 9.5563987427
-0.0652351438 8.7739551237
-0.0643291002 8.0324421854
-0.0634230565 7.3306948038
-0.0625170128 6.6675943966
-0.0616109692 6.0420694178
-0.0607049255 5.4530942820
-0.0597988818 4.8996870418
-0.0588928382 4.3809061294
-0.0579867945 3.8958463969
-0.0570807509 3.4436346851
-0.0561747072 3.0234251062
-0.0552686635 2.6343942049
-0.0543626199 2.2757361341
-0.0534565762 1.9466579624
-0.0525505325 1.6463752023
-0.0516444889 1.3741076428
-0.0507384452 1.1290755323
-0.0498324015 0.9104961756
-0.0489263579 0.7175809525
-0.0480203142 0.5495327956
-0.0471142705 0.4055441152
-0.0462082269 0.2847952102
-0.0453021832 0.1864531035
-0.0443961396 0.1096708300
-0.0434900959 0.0535871382
-0.0425840522 0.0173265855
-0.0416780086 0.0000000000
-0.0407719649 0.0007052750
-0.0398659212 0.0185284678
-0.0389598776 0.0525451644
-0.0380538339 0.1018220788
-0.0371477902 0.1654188502
-0.0362417466 0.2423900042
-0.0353357029 0.3317870425
-0.0344296592 0.4326606312
-0.0335236156 0.5440628552
-0.0326175719 0.6650495039
-0.0317115283 0.7946823678
-0.0308054846 0.9320315247
-0.0298994409 1.0761775645
-0.0289933973 1.2262137713
-0.0280873536 1.3812482144
-0.0271813099 1.5404057404
-0.0262752663 1.7028298580
-0.0253692226 1.8676844942
-0.0244631789 2.0341556201
-0.0235571353 2.2014527359
-0.0226510916 2.3688102116
-0.0217450479 2.5354884798
-0.0208390043 2.7007750832
-0.0199329606 2.8639855716
-0.0190269170 3.0244642613
-0.0181208733 3.1815848503
-0.0172148296 3.3347509099
-0.0163087860 3.4833962382
-0.0154027423 3.6269851106
-0.0144966986 3.7650124157
-0.0135906550 3.8970037045
-0.0126846113 4.0225151371
-0.0117785676 4.1411333731
-0.0108725240 4.2524753898
-0.0099664803 4.3561882537
-0.0090604366 4.4519488513
-0.0081543930 4.5394635921
-0.0072483493 4.6184680969
-0.0063423057 4.6887268789
-0.0054362620 4.7500330299
-0.0045302183 4.8022079197
-0.0036241747 4.8451009172
-0.0027181310 4.8785891426
-0.0018120873 4.9025772535
-0.0009060437 4.9169972744
0.0000000000 4.9218084713
0.0009060437 4.9169972744
0.0018120873 4.9025772535
0.0027181310 4.8785891426
0.0036241747 4.8451009172
0.0045302183 4.8022079197
0.0054362620 4.7500330299
0.0063423057 4.6887268789
0.0072483493 4.6184680969
0.0081543930 4.5394635921
0.0090604366 4.4519488513
0.0099664803 4.3561882537
0.0108725240 4.2524753898
0.0117785676 4.1411333731
0.0126846113 4.0225151371
0.0135906550 3.8970037045
0.0144966986 3.7650124157
0.0154027423 3.6269851106
0.0163087860 3.4833962382
0.0172148296 3.3347509099
0.0181208733 3.1815848503
0.0190269170 3.0244642613
0.0199329606 2.8639855716
0.0208390043 2.7007750832
0.0217450479 2.5354884798
0.0226510916 2.3688102116
0.0235571353 2.2014527359
0.0244631789 2.0341556201
0.0253692226 1.8676844942
0.0262752663 1.7028298580
0.0271813099 1.5404057404
0.0280873536 1.3812482144
0.0289933973 1.2262137713
0.0298994409 1.0761775645
0.0308054846 0.9320315247
0.0317115283 0.7946823678
0.0326175719 0.6650495039
0.0335236156 0.5440628552
0.0344296592 0.4326606312
0.0353357029 0.3317870425
0.0362417466 0.2423900042
0.0371477902 0.1654188502
0.0380538339 0.1018220788
0.0389598776 0.0525451644
0.0398659212 0.0185284678
0.0407719649 0.0007052750
0.0416780086 0.0000000000
0.0425840522 0.0173265855
0.0434900959 0.0535871382
0.0443961396 0.1096708300
0.0453021832 0.1864531035
0.0462082269 0.2847952102
0.0471142705 0.4055441152
0.0480203142 0.5495327956
0.0489263579 0.7175809525
0.0498324015 0.9104961756
0.0507384452 1.1290755323
0.0516444889 1.3741076428
0.0525505325 1.6463752023
0.0534565762 1.9466579624
0.0543626199 2.2757361341
0.0552686635 2.6343942049
0.0561747072 3.0234251062
0.0570807509 3.4436346851
0.0579867945 3.8958463969
0.0588928382 4.3809061294
0.0597988818 4.8996870418
0.0607049255 5.4530942820
0.0616109692 6.0420694178
0.0625170128 6.6675943966
0.0634230565 7.3306948038
0.0643291002 8.0324421854
0.0652351438 8.7739551237
0.0661411875 9.5563987427
0.0670472312 10.3809823515
0.0679532748 11.2489546031
0.0688593185 12.1615959839
0.0697653622 13.1202079214
0.0706714058 14.1260979950
0.0715774495 15.1805606422
0.0724834932 16.2848526379
0.0733895368 17.4401625885
0.0742955805 18.6475736114
0.0752016241 19.9080182713
0.0761076678 21.2222247823
0.0770137115 22.5906533832
0.0779197551 24.0134217020
0.0788257988 25.4902178311
0.0797318425 27.0201997191
0.0806378861 28.6018793761
0.0815439298 30.2329902843
0.0824499735 31.9103362182
0.0833560171 33.6296197953
0.0842620608 35.3852482713
0.0851681045 37.1701150273
0.0860741481 38.9753539703
0.0869801918 40.7900645476
0.0878862354 42.6010046759
0.0887922791 44.3922487665
0.0896983228 46.1448078024
0.0906043664 47.8362082509
