# x psi2_state_0 psi2_state_1 psi2_state_2 psi2_state_3 psi2_state_4 psi2_state_5 psi2_state_6 psi2_state_7 psi2_state_8 psi2_state_9 psi2_state_10 psi2_state_11 psi2_state_12 psi2_state_13
-9.060436639999999708e-02 0.000000000000000000e+00 0.000000000000000000e+00 0.000000000000000000e+00 0.000000000000000000e+00 0.000000000000000000e+00 0.000000000000000000e+00 0.000000000000000000e+00 0.000000000000000000e+00 0.000000000000000000e+00 0.000000000000000000e+00 0.000000000000000000e+00 0.000000000000000000e+00 0.000000000000000000e+00 0.000000000000000000e+00
-8.969832279999999380e-02 0.000000000000000000e+00 3.471144066494824117e-33 9.422944339484929171e-34 1.996436408250391420e-32 8.612262613218035806e-32 8.603118488061075628e-32 1.863499421863527207e-31 2.437943108331482704e-32 4.528935796401356428e-32 1.369016398020740793e-33 4.807873257085976640e-32 9.458704109947811648e-34 1.362447291112927413e-33 4.266759817113692583e-32
-8.879227909999999613e-02 1.499174975818273879e-34 6.328768258322075430e-32 2.092832281045279247e-32 2.451228834515651757e-31 1.927090648852797857e-31 2.311291616053925542e-32 6.064215958674607248e-31 3.225426047476310496e-32 1.824250928604799178e-31 6.354275513696135319e-33 4.171451179934471829e-34 4.507483067007547730e-33 2.033384507532107111e-31 8.309242954001747491e-32
-8.788623539999999845e-02 7.374442185025504032e-36 3.207267801231297646e-32 1.414121994213709406e-31 1.089977945470509245e-31 1.190331882474222269e-33 1.419064173749117630e-31 2.828560698814501061e-34 1.648773940295297454e-32 4.068948752650272799e-32 2.182483213247708142e-32 1.120066526545527227e-31 1.043263401844132492e-31 1.238972522002795332e-31 1.526428075825396188e-31
-8.698019179999999517e-02 1.091209690735968522e-32 1.796828959158040255e-31 1.685878247188620472e-33 7.468434696114070220e-33 3.727371890213855275e-32 1.419751809593585329e-31 2.335821815242967767e-32 2.377229522323022491e-31 3.471657450153101278e-33 9.242526558792085014e-33 8.917338527327786400e-32 2.095301775363221251e-32 1.502297660122198851e-31 3.915621795479621568e-32
-8.607414809999999750e-02 2.389074499846416550e-31 2.026834312527524464e-32 1.130255655521396522e-33 4.074494365732966691e-32 2.955499239623800624e-32 3.231273975438412192e-32 2.245959804924339463e-31 4.137921870977438240e-32 6.914413612459483758e-35 6.664395798476824273e-32 3.592591421348218452e-33 4.378574754882358429e-34 1.695379531294763023e-35 5.670880405662611464e-32
-8.516810449999999422e-02 1.828190495990481679e-31 2.085218574434025481e-33 1.341397439491116644e-33 1.185840618933690239e-32 6.641033787183842983e-32 3.425941787756241196e-32 4.881993797288166846e-32 7.926501305099924419e-32 5.859361155437675569e-33 1.161374340073239834e-34 6.999240028051560129e-33 1.410897350061354703e-33 6.240513027442457000e-32 1.352609803969503914e-32
-8.426206079999999654e-02 1.011366875982803466e-33 2.424852704428718572e-38 3.539732812987741513e-33 1.162740614210150171e-32 2.465930684579459517e-32 1.302105941600259937e-35 2.387183732733380740e-34 1.039920177690719465e-32 5.192035187728259797e-32 2.261719164287379398e-32 1.212423860201219813e-33 2.257951911333923722e-34 3.437813332791374448e-33 2.634098010842584148e-32
-8.335601709999999887e-02 6.360185822641783022e-32 1.119759547227157749e-34 6.376926273969336340e-35 4.628781016551349955e-32 1.944788810190527147e-33 1.131723786525552127e-31 1.007230357722700201e-32 2.238658241217640357e-31 1.998085124733037881e-34 4.373501244339617305e-33 3.396766342440509428e-33 2.827812574656999900e-33 1.928398589239757916e-33 1.060241177276679861e-36
-8.244997349999999559e-02 6.233986073516193199e-36 3.198379250534221586e-33 9.475536772016995579e-32 3.289823923969987632e-32 4.322808450452803857e-31 6.988161030483225605e-33 1.001798844676963765e-31 1.341200842564337687e-31 2.118665289257555497e-32 6.461947907383710019e-33 5.374141047629959681e-33 6.330184133616067819e-34 8.943354771056382149e-36 9.570257331021079740e-34
-8.154392979999999791e-02 4.339278946392204098e-32 8.020302693103171963e-33 1.824727317896160308e-31 1.727638416558736736e-31 1.618210350838030319e-31 6.514021515721406969e-34 1.053664374352596763e-31 1.539670697061081515e-33 2.479221757357673959e-33 1.611194567998985153e-32 2.156270310523864888e-33 1.666390155545272396e-32 3.663651534719224277e-32 2.898225521225705420e-33
-8.063788610000000023e-02 1.182592631430206497e-32 6.016328092898083067e-33 4.383262024339397852e-33 1.287390854182716875e-31 9.082430583254072411e-32 1.280922894537173123e-32 2.284374066312757387e-31 9.274660425751306770e-33 3.327737577003250613e-32 1.675739297767000364e-33 3.748377981341046960e-32 2.359641931484021047e-33 1.432625550208875767e-32 3.950494201201447536e-33
-7.973184249999999695e-02 8.853501380541217250e-32 2.175515901763865516e-32 1.603554986194615771e-34 1.492603564142106483e-32 3.862641415869366887e-32 1.425903258358871596e-31 1.706360388293778126e-32 8.776365582034372102e-32 3.565417009280195546e-34 2.270856965562795331e-32 2.182516059893737270e-33 3.633251200152525437e-33 4.002943790328098427e-32 4.479558590966546410e-32
-7.882579879999999928e-02 1.463540948869057879e-31 7.125510012543522004e-33 5.432523638215846264e-33 1.185842492156934518e-32 1.444024525065702510e-31 1.873992668436116748e-33 1.929095216025708744e-32 7.346843787301603653e-32 1.688797097296824384e-33 3.536878420184560908e-33 5.862486068725464761e-33 7.926499144058663687e-34 3.406049609673187964e-33 3.256769199833054698e-32
-7.791975510000000160e-02 7.407159769848022152e-32 9.916542796415944795e-33 1.742653842947767480e-31 3.920379611336733047e-31 8.425842134651158900e-36 5.751787618563546701e-32 5.801957519401428201e-35 4.604678565417912991e-33 3.095310291379198497e-32 4.021879026138316938e-34 9.829747485640933204e-34 1.001742812488482953e-33 3.211897248194310321e-33 2.040534752995498900e-32
-7.701371149999999832e-02 5.558031996216173922e-33 1.352228747329677032e-32 3.018800055426086739e-34 9.904460397324375458e-33 2.422127840864584902e-33 2.257857576267894429e-35 7.264755565436440482e-32 1.255806583981301375e-31 6.530746491057841989e-34 6.453137930593466778e-34 4.880204334877688094e-32 1.303795900072234905e-32 5.600822048440304306e-32 1.040331539700013008e-35
-7.610766780000000065e-02 1.961034356913529576e-35 9.286953976263338135e-33 6.855022551639171057e-35 2.286396778929568612e-33 1.078123482012578131e-32 1.061631355321527147e-33 3.999248458554048143e-33 5.142789803130288144e-33 7.473835585472226190e-33 1.151290743490995579e-32 6.686790811388847871e-33 2.290576987255004895e-32 2.306840935209474967e-33 2.615782941626738192e-31
-7.520162410000000297e-02 5.625911344485590041e-34 5.654675830725458514e-34 2.831300520842180826e-33 7.308295043465940944e-34 5.744685434042516283e-34 3.231342407551983445e-32 6.732468540769675315e-32 4.702251174610475899e-33 1.024665031251095308e-32 2.358125280252863968e-33 4.785560406112760376e-33 2.842578452392723865e-33 4.947458683235448941e-32 7.077482781926082813e-34
-7.429558049999999969e-02 2.668851283849528676e-33 2.929873083422275528e-32 1.838050561750003777e-32 4.200589461466422900e-32 1.621048907815574527e-31 3.679036413426817472e-32 1.717280514458624083e-32 6.158330594900520412e-32 4.028119152668513137e-34 5.214385231203205597e-34 1.018170059046037152e-32 2.306733859572150130e-33 6.469937643562464756e-33 3.044207436473332719e-32
-7.338953680000000201e-02 3.016321977255100027e-32 3.314844011688565726e-34 1.300910252724062635e-33 1.995090260243466570e-32 1.395122295919691783e-32 2.004078799886786851e-31 1.413571881828257261e-32 1.025569734400611131e-32 8.876528070621657099e-34 3.278507437985272470e-34 1.254804840986737065e-33 5.481454525685284574e-34 7.254076228830551085e-32 1.655604955874558825e-34
-7.248349319999999874e-02 3.471156811808947075e-33 1.535499614938305195e-32 1.638198957644414923e-39 4.470835945455411446e-32 2.194522487980898036e-32 4.368610263391619530e-33 3.725288926498383404e-33 3.405259918417940408e-31 2.899463012891061461e-32 3.620306741606809390e-33 7.471610362941123464e-35 5.613601893597298620e-33 1.321458464211445860e-33 4.236843666322631746e-32
-7.157744950000000106e-02 1.232173116479695338e-35 3.320623944315385564e-33 3.018374921039361032e-31 4.046653626372162425e-34 5.891383915353520825e-34 1.796974163898890799e-32 2.624070516374956964e-33 7.567784118180699924e-34 2.233421206834377843e-32 1.503840683469775749e-36 7.248491521282723127e-35 5.326544808948707513e-34 1.510381117090667288e-34 3.880654168207029152e-34
-7.067140580000000338e-02 1.978673997125745094e-34 1.990024605060090980e-32 1.726843304672246297e-32 7.920882903978710995e-32 6.107584600788677303e-35 7.867007147029149634e-34 7.340129713753566194e-34 1.135889511597577530e-31 1.510584266028113425e-32 2.487612126221802523e-34 4.769522904248001025e-32 4.245429254090721347e-35 2.573989570718821535e-32 2.849783326779244316e-34
-6.976536220000000010e-02 3.812421645356501525e-34 2.498679677208225754e-36 1.367394803571817223e-33 1.435889856384225594e-33 2.314304507235218297e-32 1.813797091424052404e-33 1.284605919610560978e-31 9.851111001454033008e-33 1.564209686109295742e-34 1.440965953108477675e-32 3.039434637232083517e-33 2.699064960666061251e-32 4.199750174313127650e-33 2.426384670242450082e-35
-6.885931850000000243e-02 6.671044277087866969e-35 6.295218046318934679e-31 3.952157743533649841e-35 1.673509138692813043e-31 3.897255253440985276e-33 6.816442679439152743e-34 7.210029540820597921e-33 7.876359933846681701e-34 1.061803492400533915e-34 1.801984429833337637e-33 8.768470453338873365e-33 1.078578906320008003e-33 1.182705255862212339e-32 6.269362622341829004e-34
-6.795327480000000475e-02 2.895805667013266202e-33 1.051678388672145122e-32 5.725345869930556632e-34 1.132591360252852364e-33 5.790576839500971579e-34 1.336790108891715413e-31 1.254035780514559578e-34 2.464831098555640274e-32 3.820784087553450271e-34 1.269462190877649531e-32 8.568704961308376915e-33 2.668675986420405308e-32 2.073623017882328716e-32 2.568579006964859192e-32
-6.704723120000000147e-02 1.700694670338607066e-32 5.407071814558106963e-32 4.658136964029641990e-33 3.203487109547391336e-33 7.237009371798909918e-33 5.198801177035384682e-32 1.533191638400078516e-32 3.036388809808187428e-34 1.026457222686123279e-32 6.013009595081101902e-33 4.741043746726863494e-32 7.044487688849206856e-33 4.946818482332355628e-34 5.582747709173539223e-33
-6.614118750000000380e-02 2.024493625169964932e-33 1.874192482273493778e-32 1.309948415288980375e-32 4.972740692251865328e-32 1.051472286573140699e-33 8.549936777479135844e-32 7.437946541580024439e-34 2.238333577599510172e-31 1.449385032255383689e-32 7.632486103395003810e-34 1.173583195376473120e-32 1.431594387360319624e-33 6.341440880444233609e-33 3.698628637056009925e-34
-6.523514380000000612e-02 7.368766778799778771e-34 2.991903786901963700e-32 3.990387831006716842e-33 1.130729118395381363e-31 8.611574143175675602e-37 6.721502304742568053e-32 6.192543506127180809e-35 1.401615365456959208e-33 1.407834849176147101e-33 4.120185315715754758e-35 3.469280320392620534e-34 5.485349091614216092e-35 1.975133054830868166e-34 2.474825079707097603e-35
-6.432910020000000284e-02 1.060751711606271301e-35 2.490936775879696501e-32 4.169569351290732994e-33 3.187797429559589096e-34 9.245260655372994132e-34 5.265757227469239685e-32 2.211936297752858640e-33 1.278164445551686272e-32 2.626990607336964031e-32 4.190431859736089947e-37 4.274733026091014476e-33 1.143136392886839198e-35 2.292539285562663835e-32 1.657810778460757559e-34
-6.342305650000000516e-02 1.826894172001972502e-36 3.165171073737551794e-32 9.229782743578622401e-36 3.298213142650572923e-32 3.537721066945075735e-33 1.741643356336676297e-32 7.015155662065057625e-33 2.174380103288825203e-31 1.335315347011616830e-32 2.249468185929794693e-36 5.308660176321970727e-33 3.222677865474636560e-35 5.703075110912219801e-33 6.745821512197189538e-34
-6.251701279999999361e-02 2.798124560601990606e-36 1.856992582881879684e-32 3.560515504312518967e-33 2.590815700713808673e-31 7.457021245598524573e-32 7.239209573737368607e-32 2.788123743519180880e-31 1.234914481640815237e-31 7.653091496323731925e-32 3.433854279882899328e-35 9.867843280946548719e-34 1.029171470252197129e-34 4.240185259655870453e-32 3.540948617587994374e-33
-6.161096919999999727e-02 2.549913442903805358e-38 2.474976664937311835e-34 1.101678835120006951e-35 7.883511665704441482e-34 2.749622004501837622e-34 6.109555431939682650e-33 8.375785818727282089e-34 3.812098638828694405e-32 4.331900071961590026e-34 7.396876778147267437e-39 9.984274040819628643e-34 8.616348144286572463e-37 2.458272856101009853e-33 1.854950075428705368e-35
-6.070492549999999959e-02 2.165374662213634244e-38 2.178939711108827253e-34 4.173756376735637544e-37 3.103039377315803318e-33 9.677961177703959290e-36 1.407591170854479702e-32 1.929238369473823268e-35 5.310105838257998292e-34 1.022373849058094921e-34 5.633689731142931789e-35 4.897716674864738629e-33 6.789639442590914111e-35 1.363508844518267032e-32 5.057513198534567224e-35
-5.979888180000000192e-02 3.751918204500581751e-36 2.629837452105021821e-34 1.087798434412276499e-38 1.435983787071564560e-35 8.637674301073001312e-36 1.590400769428008550e-36 2.049544686208733215e-35 6.186583362133036187e-35 2.809992391405499674e-35 1.647908472081885481e-37 3.926774006490017271e-35 1.009184047298995244e-37 2.425802835279974750e-35 2.639611121303535369e-36
-5.889283819999999864e-02 3.204943310672654351e-33 8.415405385247381357e-36 7.009715416976582661e-35 5.597166833221212917e-34 2.753983723099893284e-35 5.567951706083044423e-34 1.366412044284503095e-34 4.196886185476626746e-34 2.198136008452226732e-36 2.543576572107087070e-36 5.606780721749565271e-34 9.301179349446904392e-36 3.981488610320705580e-34 1.024600458046612442e-34
-5.798679450000000096e-02 2.793913141263051810e-31 7.412816246064428782e-33 5.702415143139860498e-34 2.098600411294715149e-31 8.178245967535334717e-33 2.034536838278935532e-31 2.514003061258767137e-32 1.140334788843736759e-31 1.114963850430957600e-31 1.069965895795854769e-33 2.681293529054089282e-32 3.078246114781401629e-33 1.806494003762548138e-32 2.422818027272831063e-32
-5.708075089999999768e-02 2.914475967102471468e-32 4.780249668053226707e-32 1.667120286453070262e-31 1.171010121197910884e-30 6.249642642262442715e-32 1.459875572014649588e-30 3.720095983047337786e-31 1.412604554019796004e-31 5.766928776044810847e-33 2.589891450098690421e-34 2.135610923802717925e-32 2.301616449106834990e-34 1.841535916684044324e-33 6.067162080383877368e-33
-5.617470720000000001e-02 7.212122615445784533e-32 6.068095706292479112e-32 4.189265477426746220e-31 4.423967138271201132e-31 4.560642976780013617e-30 1.373428879304654403e-30 3.710262198534501547e-31 3.254231840289903847e-31 4.291159906795499665e-31 3.165450425879704363e-34 5.050511491015599245e-31 1.755452177239192686e-33 3.908995114152659762e-32 9.312862087376542760e-31
-5.526866350000000233e-02 7.029515530125482848e-32 2.943902658705041204e-32 1.017091108426151851e-30 1.002654954790100006e-32 3.506624250835396774e-32 2.249699112455810406e-32 2.216009669682486393e-31 5.835927717553102137e-31 2.120101878617002700e-31 1.920573805041983172e-30 2.392293778827694852e-31 9.994946755930333694e-31 1.283008318050584278e-30 1.178520504679904567e-31
-5.436261989999999905e-02 6.002644892466640630e-31 1.314351991725395167e-32 5.392391291011793828e-31 1.714988192540214721e-32 1.853544876329495970e-31 7.638455556795428732e-32 2.697530788184918325e-32 9.436416606650427383e-34 8.843213057052738555e-32 2.666854271821505503e-34 2.011880880663702319e-31 1.489925525059434098e-31 6.664620111088123096e-33 3.144559354245257471e-31
-5.345657620000000138e-02 3.081139353059792321e-31 8.397544281740611592e-31 5.325653336576078409e-32 1.824991004183591285e-31 2.906926441059890758e-32 9.528211598262185085e-30 9.955374811423737203e-32 1.238526928595951569e-30 6.040783695710473821e-30 4.629286458435781828e-33 1.820416147494035978e-29 4.946967058931203485e-32 5.112255405743041154e-31 1.108370107455032633e-32
-5.255053249999999676e-02 5.369153266019885762e-33 2.301938816563828815e-31 2.485125238486645969e-31 1.301448406478804460e-31 8.518271524325437163e-31 9.752827196781076506e-30 2.482803325895369505e-30 1.843617865508189766e-30 4.950012290426209689e-32 2.229477766362579720e-30 1.084556720170966867e-28 1.264901538770445922e-29 8.666859209811394884e-30 5.743881110042063524e-32
-5.164448890000000042e-02 1.570391887171500208e-30 4.993078729953384667e-29 7.484278288782220843e-28 1.335378322769190601e-27 4.660625932081843789e-27 1.164522191374570369e-26 2.414930113478109567e-26 9.332993862924730838e-27 2.660080447190465933e-27 5.345211500436123493e-26 5.989257297053267558e-25 6.493422095103503795e-26 4.355091090368121462e-32 1.901098486057123881e-30
-5.073844520000000274e-02 1.180243146324091572e-26 2.895767314123603728e-25 4.577007408165474347e-24 8.330467429652014719e-24 2.853320609537062823e-23 6.536471823042025289e-23 1.409996990572252510e-22 5.135404553230092509e-23 1.496379141253994610e-23 3.010329218602106096e-22 3.363791181010127543e-21 3.701148567038208984e-22 3.370627643574978035e-26 3.041298408088208743e-26
-4.983240149999999813e-02 5.121839540973356706e-23 1.261508105579530782e-21 1.912167335286118998e-20 3.475623569369554162e-20 1.150145296962019928e-19 2.632481919855627684e-19 5.562215621497923108e-19 2.025542938831152617e-19 5.622448136038757454e-20 1.131424454660220997e-18 1.261293398322048682e-17 1.387383858628667179e-18 1.118313552291729732e-22 1.038229817775380776e-22
-4.892635790000000179e-02 1.461607462028825644e-19 3.600144595760797158e-18 5.199840090760733514e-17 9.451272572718721373e-17 2.991888460467264175e-16 6.847671650648947547e-16 1.408396258190380547e-15 5.128795963253775699e-16 1.340437675552127859e-16 2.697428451940651485e-15 2.996864329795972682e-14 3.296457484711351441e-15 2.373811243096966850e-19 2.206882716996727838e-19
-4.802031419999999717e-02 2.627473746852368657e-16 6.471857931514096028e-15 8.794156516949362325e-14 1.598436197726092492e-13 4.782185875415813237e-13 1.094519161956639461e-12 2.174895648220506569e-12 7.920074752450599621e-13 1.915671938858095677e-13 3.854999997591094992e-12 4.264210664401157469e-11 4.690498942136972211e-12 2.919409045208664967e-16 2.714080555057221717e-16
-4.711427049999999950e-02 2.825922328926991963e-13 6.960666179681823969e-12 8.737522196278614682e-11 1.588142261618515761e-10 4.412428841592127294e-10 1.009891306992354085e-09 1.917482464111236204e-09 6.982681880714438194e-10 1.523339741078000762e-10 3.065490792250957728e-09 3.371022233908945067e-08 3.708019453724161105e-09 1.892875254294154409e-13 1.759744516813189882e-13
-4.620822690000000316e-02 1.705116261102953156e-10 4.199954449311342289e-09 4.738999986251619918e-08 8.613661841655180111e-08 2.163523400353332579e-07 4.951747790165314670e-07 8.830435082743897765e-07 3.215680988369141025e-07 6.072532340730270448e-08 1.222005274085359511e-06 1.332677698276879143e-05 1.465903956749036497e-06 5.618135002708591679e-11 5.222996940281649051e-11
-4.530218319999999854e-02 5.315806622937783218e-08 1.309362076721299357e-06 1.271597302689750518e-05 2.311270140166600095e-05 5.020993865281061580e-05 1.149176166647589137e-04 1.869380781095320173e-04 6.807515350048282013e-05 1.034822277501043588e-05 2.082423295436212354e-04 2.242266998757281877e-03 2.466423854628799184e-04 5.974406055943217254e-09 5.554210509144904100e-09
-4.439613960000000220e-02 7.684782773647759734e-06 1.892876066626282875e-04 1.468223159575164551e-03 2.668659598994392156e-03 4.623815054153263340e-03 1.058272167171414417e-02 1.484235811864735750e-02 5.404975901371981625e-03 5.682665839010430731e-04 1.143550538160951861e-02 1.203838997124892368e-01 1.324185398651779241e-02 1.295199027794919955e-07 1.204104305827956748e-07
-4.349009589999999759e-02 4.451892896492389159e-04 1.096567302316329463e-02 5.878616874546591098e-02 1.068504283475693040e-01 1.236878439531930857e-01 2.830896156961087429e-01 2.980647608660430548e-01 1.085429172809664750e-01 5.000380782377531266e-03 1.006250991465446054e-01 1.000000000000000000e+00 1.099968851160396249e-01 3.014939297364251551e-09 2.802890775009270487e-09
-4.258405219999999991e-02 8.461360020943555285e-03 2.084158569809566319e-01 5.501725136207226141e-01 1.000000000000000000e+00 4.369211623994516125e-01 1.000000000000000000e+00 4.058898458486465133e-01 1.478083750494563475e-01 9.646940743817750347e-04 1.941300894970114307e-02 2.827869634004812061e-01 3.110568512549167358e-02 2.658579783047580045e-07 2.471594943679179872e-07
-4.167800859999999663e-02 4.059844650744167532e-02 1.000000000000000000e+00 3.692367608619223085e-01 6.711290581052143933e-01 1.229137515030323952e-01 2.813179174661451509e-01 9.601244766681330534e-01 3.496378147746836973e-01 1.031912932612016675e-05 2.076568679651506722e-04 3.987026882190677912e-02 4.385605379147671477e-03 6.127309990636667024e-06 5.696360322035013866e-06
-4.077196489999999895e-02 3.848586899911598386e-02 9.479640801544108042e-01 4.181971026270090985e-01 7.601199483310467908e-01 9.898212001768184887e-02 2.265445772274758962e-01 1.000000000000000000e+00 3.641588390578098244e-01 1.699089117333074227e-03 3.419159826893285181e-02 1.352544934181872105e-02 1.487757297394226358e-03 1.982826295966466916e-04 1.843368958800176908e-04
-3.986592120000000128e-02 7.565275237057580808e-03 1.863439586455653829e-01 5.400196230449592072e-01 9.815459872589726853e-01 4.208863189059665610e-01 9.633003734460026113e-01 4.232812888939703755e-01 1.541416227585479248e-01 1.575128467474624927e-02 3.169707770598707564e-01 2.996536869324953681e-02 3.296097217608837202e-03 6.398994603518629032e-03 5.948936648494802283e-03
-3.895987759999999800e-02 4.107410122200846479e-04 1.011716081659758820e-02 6.051270743295118076e-02 1.099886052734362074e-01 1.297680701817207904e-01 2.970056874082334653e-01 3.618732676552443017e-01 1.317793490354071950e-01 4.969317620023256526e-02 1.000000000000000000e+00 6.882116702971696753e-02 7.570114003310367788e-03 1.391114554921275559e-01 1.293273845467542149e-01
-3.805383390000000032e-02 8.026277784167070060e-06 1.976991356723296184e-04 1.757686606031017094e-03 3.194791747164002320e-03 5.852942365532011644e-03 1.339587749283082871e-02 2.244545243271962517e-02 8.173709900026287362e-03 8.005313719432633271e-03 1.610948289392224730e-01 1.188277671856768046e-02 1.307068425579477463e-03 1.000000000000000000e+00 9.296673957519469012e-01
-3.714779020000000265e-02 6.864683928916983931e-08 1.690873548012937746e-06 1.934004268537762344e-05 3.515268794114102921e-05 8.329840593497878803e-05 1.906485954508951018e-04 3.790377544507123357e-04 1.380299486190840171e-04 2.088335004606773054e-04 4.202458293648743404e-03 3.185111207780729815e-04 3.503523116124479449e-05 8.526886797124563766e-02 7.927168642549656252e-02
-3.624174659999999937e-02 2.961056573427251157e-10 7.293521869079535039e-09 9.939626648456277098e-08 1.806638173343006706e-07 5.083156169129808881e-07 1.163403516739587451e-06 2.581928348553033451e-06 9.402320299871772458e-07 1.852120600825278385e-06 3.727112538336773334e-05 2.869539536178583413e-06 3.156404107137797268e-07 1.376288707687953194e-03 1.279490738678241719e-03
-3.533570290000000169e-02 7.155008312577380625e-13 1.762384753557795019e-11 2.733911733422472684e-10 4.969189975350823917e-10 1.582724759676546735e-09 3.622449298965150960e-09 8.689938137872540957e-09 3.164517788124446984e-09 7.474075327441598176e-09 1.504044599304541505e-07 1.170267746296075178e-08 1.287258068153799093e-09 8.142336831270672174e-06 7.569665077126041019e-06
-3.442965919999999708e-02 1.049337250403716637e-15 2.584673442953426699e-14 4.431698876462301282e-13 8.055107870604282435e-13 2.819741680073011068e-12 6.453662371271852092e-12 1.641527246728854614e-11 5.977766594612650158e-12 1.614748326069286365e-11 3.249436745955964131e-10 2.547897552516714015e-11 2.802607968321363477e-12 2.309539137285038881e-08 2.147103234969179950e-08
-3.352361560000000074e-02 9.946165931881937414e-19 2.449884642046709342e-17 4.550738934204403466e-16 8.271470625251791353e-16 3.120305628922134785e-15 7.141575080361346095e-15 1.901977879369791587e-14 6.926220803649033710e-15 2.076718710530689870e-14 4.179082058343191825e-13 3.296375171911015123e-14 3.625909163365478565e-15 3.651860536495747219e-11 3.395015676709550787e-11
-3.261757190000000306e-02 6.408534819875029639e-22 1.578573093391011316e-20 3.131468403215503646e-19 5.691590923738112649e-19 2.282163630429701413e-18 5.223264740564506011e-18 1.443956504700865423e-17 5.258261503821524464e-18 1.714805432133226516e-17 3.450779891542707486e-16 2.734891583644193022e-17 3.008296901126457455e-18 3.551916439419415600e-14 3.302100992181030535e-14
-3.171152829999999978e-02 2.925976801761729170e-25 7.219427016667660575e-24 1.510772436263280108e-22 2.746216413801542204e-22 1.158842889241347999e-21 2.651863467892647545e-21 7.561395597325807582e-21 2.753557402441668848e-21 9.624783580208306247e-21 1.936942496623842089e-19 1.541230256032592443e-20 1.695331623053984655e-21 2.279587858505147864e-17 2.119257106618898859e-17
-3.080548459999999864e-02 9.759234849890110123e-29 2.449870030756872749e-27 5.310044300362208533e-26 9.442098418248740105e-26 4.253015426627654378e-25 9.719619694343484576e-25 2.843224302728511075e-24 1.033856878736348101e-24 3.845626205740807947e-24 7.745368461406971263e-23 6.168945141540408650e-24 6.678032529204752733e-25 1.017966470807958990e-20 9.463853142909828234e-21
-2.989944090000000096e-02 3.739226039723930321e-32 2.206939120536810541e-31 1.560045417325541083e-29 6.619180100864529479e-31 1.999014641216081463e-28 2.274323424495193022e-28 1.234908733706543507e-27 3.076402699986291262e-28 1.058578709915367450e-27 2.327026447479543366e-26 1.737421081353985531e-27 2.020720178736568833e-28 3.294446081648678535e-24 3.067732001222904552e-24
-2.899339730000000115e-02 1.806782361593013268e-34 3.498086867801925309e-30 2.996365733150377467e-33 1.149058508259739258e-30 2.535020306635513807e-30 5.262531478206229044e-29 9.049621915281744936e-30 1.761002188623387106e-29 1.446306795352141741e-29 5.005480748392917637e-30 7.154834490776199408e-30 2.940203252216101461e-33 4.973166987968027027e-28 6.521038830979382857e-28
-2.808735360000000000e-02 3.119803157491782120e-36 4.931162174923813408e-32 7.613549403473602101e-36 1.882944341876896045e-33 1.641922026002332292e-32 1.291365134217760237e-30 5.768574788813263415e-32 2.149296517138564594e-31 8.655240554642340180e-31 2.202189127280891572e-32 4.257873928561805704e-33 2.993592288083593300e-34 2.899218027928881132e-32 1.251428281164610991e-33
-2.718130989999999886e-02 1.517678895057245752e-33 2.931150387017296638e-32 5.454372208301456264e-33 2.025133466678968025e-30 3.615529390158765572e-32 3.146322554520141416e-30 1.457697438611109037e-32 2.613365828998049368e-32 2.393765085502568173e-29 1.375105058472945141e-31 5.805591754727237727e-30 1.999049042203794260e-31 1.254616597572830418e-29 1.369151545053365508e-30
-2.627526629999999905e-02 2.902240272742767530e-33 3.209100124399190258e-32 1.126853033895965099e-34 3.265242174035518946e-32 1.455075645230858146e-32 1.249530965385201701e-30 5.553618361904384974e-32 7.147126930472060800e-32 2.614202089887510362e-31 1.559155252673482931e-29 5.275666097082419657e-31 1.748531436977681485e-29 5.817235131882197241e-31 3.384066011224585526e-31
-2.536922260000000137e-02 2.634052628140139879e-32 7.438490885275254563e-31 1.188400871018265020e-33 9.727636637504423301e-31 2.544295857737334902e-33 1.459857359792655858e-29 7.766520239087326228e-31 1.033754165514261369e-30 1.188751670474362352e-29 1.227664494327650046e-31 1.424714881116341789e-30 7.015444559070271450e-32 6.795695069443563456e-31 8.753638033835967650e-31
-2.446317890000000023e-02 2.613174383988661390e-31 1.070466072832599402e-30 3.174790239798712894e-32 1.151810784246458679e-31 1.900092280906184931e-32 2.286964466186923662e-30 1.185956353576803816e-33 8.696306147174723718e-31 3.993550368385296122e-31 2.236524237387841122e-32 7.829043080683480136e-34 8.344394628708693993e-33 1.300896041180959279e-30 7.101040971799790615e-33
-2.355713530000000042e-02 2.765491536735250540e-31 6.800919066459682518e-31 1.040356406559015048e-32 2.673434972946107706e-30 5.959015596991039394e-32 1.195448483959865167e-30 2.691508312646733631e-31 2.665297124853308860e-31 8.563163427618569703e-32 6.296314552652059322e-34 2.528905172135202609e-36 8.531894155301396358e-31 3.406147255807960654e-31 1.052676958874556144e-31
-2.265109159999999927e-02 6.138922847474256421e-31 6.675464061981183167e-32 2.718709600814618601e-31 1.902216700405268819e-31 2.907663801032333954e-32 2.671334472260068846e-31 1.823445400184308882e-34 2.165911670883980753e-31 1.488190419900251286e-30 4.167484066351289251e-30 1.196200842635204719e-31 2.713674969459445335e-30 2.173831396385719113e-31 1.564367592517796871e-31
-2.174504790000000160e-02 1.979685397335052540e-32 6.131286873579967452e-32 2.958939946457808395e-30 5.684838155301347271e-32 3.321127489062931663e-33 1.789194915110282183e-30 6.143457497173425873e-32 2.361968417524026766e-30 2.363566801676720426e-32 1.621563408504504560e-32 1.763140015681658839e-30 8.810013346155293889e-32 4.271632034478361172e-31 2.874442370231134152e-32
-2.083900429999999832e-02 1.710810977686839700e-31 8.747008609499322870e-32 1.857574049890661687e-30 2.680740827244034238e-32 1.934301615889748299e-32 1.895804256341436886e-32 5.611066295150674120e-32 1.995744151415998013e-30 1.185328120877513145e-30 1.014143532890924532e-32 2.790536156831210120e-31 8.365609454181853523e-34 2.943432657300702089e-31 6.064877369367945758e-32
-1.993296060000000064e-02 2.303752698715495131e-35 5.965590358002391510e-34 2.333220275323464863e-32 5.484299008900430300e-33 8.600246580570752593e-33 5.507141062420513527e-34 1.150226798410521463e-31 7.679520485696460606e-33 9.989336511833688351e-33 2.058990075016489137e-33 2.039565784989869450e-33 2.443883799029552999e-33 6.670336688813546724e-32 1.307041302152032703e-32
-1.902691700000000083e-02 1.659476285995641327e-31 2.317063921422900730e-32 3.359459417644699823e-32 2.382428879381031286e-31 1.550920284338809602e-30 3.786151901485964115e-31 2.858640928516235562e-30 2.475606838284089526e-31 1.023526188322883279e-31 3.344924530382995877e-33 2.372199443114388822e-31 9.441584943185792675e-33 8.808257411146691667e-33 1.143771752019045593e-32
-1.812087329999999968e-02 4.361993267705756561e-34 3.742639108675031746e-33 7.783154458834119990e-33 5.195107303178757858e-31 3.955951667421808744e-33 1.397587123906568558e-31 5.769752840908058530e-31 4.304457860081418994e-31 4.015919876433097142e-32 4.090575850815163212e-37 3.808805121959167802e-31 2.129929873206441565e-35 2.122271921023295596e-32 1.761318371172423265e-32
-1.721482959999999854e-02 1.487830463753578913e-34 1.380171019870704142e-34 2.428525467774813198e-32 1.238220594868993904e-32 3.603339840221809024e-33 2.279323662425168326e-34 3.201264200572167771e-32 9.144281030783799746e-34 5.773646584039372168e-33 1.044890279759998360e-34 3.233762011954483164e-32 3.358123703665979159e-34 1.704790584769257274e-35 6.926815584108729267e-34
-1.630878599999999873e-02 3.149079572589182108e-32 8.590794881104653121e-33 2.103492483583262520e-32 3.168868432301806110e-31 8.961977716903902052e-33 8.945404129287319292e-31 1.572223378468620556e-31 9.935556179858580525e-32 1.247360353256461867e-31 1.192013908884113771e-33 1.390561359658427744e-31 3.349646800126267049e-33 2.240529186635724004e-32 5.921695837381295226e-32
-1.540274229999999932e-02 7.867000395784361760e-33 2.674605170438719600e-31 1.149055179688387669e-31 1.178143711310597310e-30 2.440270280086952898e-31 1.845407274630570221e-30 1.061309650114087050e-31 7.287718791257327470e-31 7.971450375035671211e-32 3.458075358602702354e-34 2.895205820086968719e-31 2.116592889510977836e-33 9.585032935622222249e-31 2.351253079657868009e-33
-1.449669859999999991e-02 1.260052208314306731e-33 6.758598186182455666e-32 1.776752079946155730e-31 4.521409221659306629e-33 1.041401731951924901e-31 2.881997508952283793e-30 1.796957257600967901e-31 5.530379849294052983e-31 1.327337008033099747e-31 3.221219451853096408e-33 1.054638297882560955e-31 4.166034017790499530e-33 4.438394433902609067e-31 1.991010028680789067e-32
-1.359065500000000010e-02 2.344138385438326928e-33 1.823613576566563877e-33 2.019008413271201436e-32 1.017579566559672456e-32 1.075470927228375819e-32 5.484817418029106943e-32 2.710738950387466402e-31 2.056338735494349304e-32 1.618840975109335986e-32 9.356772131733815852e-39 3.434564765623408943e-33 9.177457756697322453e-36 1.740620368642294200e-32 4.603354181214098680e-32
-1.268461130000000069e-02 1.901685474327833084e-32 1.097090837787216546e-33 2.184887195088280651e-31 9.466742710116367260e-34 2.338034343797337213e-31 2.856066057403405979e-32 7.562106698723214859e-34 1.989200958966972131e-33 2.780862900047431388e-32 1.012084091677254837e-32 8.080874907908406203e-34 2.087254579791990044e-32 5.951325530606308732e-32 1.544450376585852886e-31
-1.177856759999999954e-02 2.480408836674171688e-31 1.074663105507895741e-34 6.935531680169442279e-33 1.762968501878756887e-34 1.881622053489281019e-31 2.529962927376213869e-32 9.223404920233767426e-31 2.144244199872636699e-36 1.443147906978664664e-35 6.703618927033510353e-33 6.186169264281693403e-33 1.432551542172185548e-32 6.873533530689901852e-32 7.861305791044628555e-32
-1.087252399999999973e-02 2.135470920646951585e-32 1.273495134692819236e-34 6.480657154300191616e-32 8.587326285566034896e-32 1.396124150153090553e-32 3.632821551342038344e-31 5.022029195985191964e-33 3.683396038442740863e-32 1.569429422679080013e-35 2.475508404970564220e-33 1.005332356848762523e-32 5.442763463136687330e-33 3.038818283825143031e-33 8.559986212106151293e-36
-9.966480300000000320e-03 1.227930415865601288e-34 1.507506760191858926e-36 1.795975663337561429e-33 1.996319461992307891e-32 1.201437275597458328e-32 7.028346834406530003e-33 5.869858780012135286e-32 5.085516450037930930e-33 8.309877665431039181e-36 4.913510812292200153e-35 9.923336918613794447e-34 1.209292960679243790e-34 3.418921125619106387e-32 1.522259054347445823e-33
-9.060436599999999174e-03 9.111168552962644227e-33 7.528884762110745457e-33 3.086433973479365998e-33 4.008453683745737589e-32 4.679798701328846307e-33 3.901281514973173966e-32 1.516657268321308137e-32 9.336852105042466259e-33 1.317783243882531812e-32 4.843424582243426643e-35 2.618988621806936931e-32 3.371266281845656487e-35 5.937100813556783594e-34 4.190562917652147020e-37
-8.154392999999999364e-03 3.182931983597703297e-33 1.649722438691423122e-34 7.086054363757297613e-32 3.273476331414800960e-33 3.040785423912821183e-34 8.328211787504656224e-32 4.243336061219366745e-33 1.043506097099005020e-32 2.987452956752676082e-32 1.104181526602615169e-35 2.198442205915463000e-32 5.697989155148444386e-35 2.709750638354013425e-35 3.259416322692307479e-33
-7.248349299999999953e-03 3.549598438465498974e-33 9.983032697666795599e-35 6.600967978917703007e-33 1.984220012933285416e-33 6.760357467323384093e-35 5.625012320967056165e-33 5.328788802929782561e-35 2.972846212701714896e-34 3.064388516305593507e-38 1.314556124502704133e-35 3.928780691963940991e-34 3.305332394544096538e-35 7.364030129209367550e-34 2.881783666933554275e-35
-6.342305700000000143e-03 1.154737456276320104e-34 4.700514409867432087e-36 6.197248564287453046e-33 1.948076504351985409e-33 6.872293266445848054e-33 1.477861625049351125e-32 2.808456054862835091e-32 4.650393693496100515e-33 5.555962529482089479e-35 7.253579544670463812e-36 1.570129228088741755e-32 6.309981393381132802e-35 5.912357891227384079e-35 6.731030903473626921e-34
-5.436261999999999865e-03 3.001387710245571481e-35 9.524410671510464216e-33 4.509939295005893807e-36 2.396693483831152447e-32 3.509027542285876719e-33 1.018224531291508866e-32 1.035950006737521239e-32 1.487118398501717472e-33 7.947957733494219543e-33 1.723350170855094375e-35 4.065173065158237910e-33 4.919373155637820673e-35 3.062524541511572520e-32 5.057788425280300798e-34
-4.530218299999999587e-03 3.223985836653662891e-37 7.874044020572033308e-34 7.092656252201690340e-35 9.704323427112445348e-33 1.922886462033635586e-33 4.346215537539997018e-33 4.207850639011994445e-33 3.453012416177444292e-33 8.706446435657209919e-33 3.809559982600824216e-35 7.009884352126421061e-33 2.581552560445292482e-35 2.789598758084390726e-32 5.881577908633162692e-34
-3.624174700000000211e-03 2.485136399832079955e-38 1.583016431914966448e-35 6.744240108176571242e-36 2.049734332206010336e-33 1.711134581693900977e-34 2.337266772708722669e-33 4.171182942905697643e-34 3.043591836108377691e-34 2.214786666322697474e-33 7.496651503275041886e-36 6.701747106456774713e-35 1.326895063736358854e-35 4.872326261551664924e-39 8.466071187972534940e-35
-2.718130999999999933e-03 2.844761877021616902e-38 4.743960472640234125e-34 3.468306200973967874e-37 8.794336802134578392e-35 1.860902997383298284e-35 1.937223167636889688e-33 5.032211335021055571e-35 2.347196269417359985e-34 2.477186325502769051e-33 2.292275071024913362e-36 2.135428606998275598e-33 9.586661180003028002e-36 6.568115933891864173e-33 4.042343545624855375e-35
-1.812087300000000088e-03 2.540078366539556809e-38 3.553231268008187427e-34 3.307915944894765070e-38 1.915943260413058664e-34 3.379735289667825584e-36 1.567047134907296869e-34 6.739585953690174527e-36 4.006971553728270076e-34 1.665825890152813665e-33 4.699021062554586092e-36 1.251449970930601532e-34 5.101826607332946480e-36 1.288419658298418570e-32 2.037780107041707983e-35
-9.060436999999999528e-04 1.856353321905397063e-37 2.919062240663236620e-33 6.008312202275777506e-36 7.440193685634455911e-34 4.168970984086460408e-34 4.001295423335544076e-33 8.737150996254143257e-34 4.076321898067785743e-35 1.191708236267729214e-33 9.167303444347222407e-36 2.980478543657928487e-33 4.722861711940488477e-36 2.436283236480651556e-32 4.304481713252342629e-35
0.000000000000000000e+00 3.354981703059673664e-37 5.166569387219218087e-33 6.195157939311857524e-36 6.539482374899457570e-34 4.627797491854346828e-34 5.416684519189598613e-33 7.805014436066757513e-34 7.265572290396993190e-33 4.244902262417959545e-33 1.786552640611432684e-35 1.287580818193923959e-33 3.018292635529102197e-35 3.705443232239364246e-32 2.070830743118640235e-34
9.060436999999999528e-04 5.210476451115544058e-38 9.126216451083354718e-34 6.378597655070073743e-36 2.521737151674018561e-32 6.976046977734871294e-34 7.095383161639870956e-33 1.134769488289853325e-33 3.692133886626504081e-33 1.899903363814151809e-33 9.816798003758404116e-35 7.108618767671592073e-35 2.164199872110982245e-34 4.202057534120413647e-33 6.602759959412072676e-35
1.812087300000000088e-03 2.335205619333569266e-38 3.324064953414228339e-34 9.680851728748304448e-38 1.138175735712001483e-32 1.528827381630910970e-36 6.487889014618561691e-35 2.226475791729427296e-37 3.958948461451938422e-33 1.178951170005743931e-34 4.060939706350557324e-35 2.319757440187801167e-33 5.379920979184553899e-35 3.832573218801588204e-33 2.745997653607712729e-36
2.718130999999999933e-03 3.920216994017013963e-38 6.301603476726138980e-34 3.205557084423782952e-36 4.009549786798856336e-34 2.538564064880904487e-34 8.698639385263308359e-33 4.502262812552311118e-34 2.579041689367879633e-33 1.823914890431384608e-33 2.026952764604225514e-37 1.121548328060151455e-33 7.840927525181353844e-37 1.103410275057376874e-33 8.120007167865711135e-35
3.624174700000000211e-03 1.161193645628966829e-37 1.871623781401966181e-33 2.631893861328064188e-36 1.431427991181243405e-34 1.303499314149142413e-34 6.124510186328200778e-34 2.475898428114036033e-34 1.038621487623644375e-34 2.327206844551916136e-33 3.661403268496901711e-36 1.618498931441919405e-32 3.924879193665834367e-35 3.653536001878644707e-36 2.491379228604430161e-35
4.530218299999999587e-03 1.789722214305375580e-38 1.084019889947677941e-33 1.442537886811472454e-37 2.426627264581183262e-33 9.495688182214977615e-34 1.279976185822318306e-33 2.320166114001184155e-33 1.682296112987143626e-34 1.849955715103847164e-33 9.082694266668115296e-36 1.690869537152065014e-33 6.289129373116940231e-36 1.101999175623569286e-33 2.047398889514728086e-34
5.436261999999999865e-03 1.821153385658860687e-35 5.976552692979999581e-36 7.828033409983382660e-34 1.239402841481726763e-35 4.482514684279850081e-34 2.704500971698320948e-33 2.010316780953307486e-33 3.613935375491251580e-34 6.362011996598163348e-36 1.816057176561015300e-37 2.809054085009125399e-34 1.376586598593992151e-36 7.403275228556102276e-33 2.796927094483605131e-35
6.342305700000000143e-03 3.156331568726117460e-33 6.223197694227997962e-35 1.732352106672712562e-32 2.577013768337755289e-33 1.273872407990851332e-32 1.094356497263099194e-33 5.142100801330794431e-32 1.646139907085626139e-33 9.699478695241527256e-33 4.289835151716644376e-36 1.993544300744000859e-32 4.144275541957836944e-35 1.131465500506851649e-33 1.477840273503658820e-33
7.248349299999999953e-03 7.357768630221475755e-32 1.077947563811465478e-33 2.526273919436320541e-32 2.186105800142416537e-35 4.298677158574097980e-32 1.171990850177515783e-34 1.771767348383618823e-31 1.089908747986830216e-32 6.812654254907366913e-32 4.082298882486214125e-35 4.469531552561071381e-32 2.514751131269305572e-35 1.363061915299505466e-33 1.176823474225953178e-32
8.154392999999999364e-03 7.526960376751734590e-33 2.318308797695528926e-34 6.743984212791514200e-32 3.167083056674923023e-32 2.919376107305085028e-33 4.608531618606699268e-32 6.196038164072305374e-33 1.517332023596298719e-32 1.840837232648879057e-33 1.994001542024353519e-35 3.727408362899389821e-35 3.117898060117171542e-35 2.887234903458763022e-37 4.751870167813495610e-34
9.060436599999999174e-03 6.217889990049920182e-34 2.056246534750117833e-35 3.166659160042436027e-33 6.194225695699928177e-34 5.325929641096046008e-35 2.030652454264419464e-33 5.155684843211024122e-35 1.322121377529116858e-34 7.129996634020286292e-34 7.679529900032265844e-37 3.131750713530051061e-34 2.277795128289981222e-36 3.573041888395688904e-34 4.280344986004729974e-35
9.966480300000000320e-03 3.493965518321670477e-35 7.574259000491161099e-36 5.866767575536210801e-34 6.858872617195034853e-34 9.319932571689551665e-34 3.611737153278612192e-33 8.442049340380787571e-34 1.635901462564946626e-35 7.231908118546531950e-37 1.076968939870355148e-35 1.252406689565067160e-33 3.330925539428398738e-35 1.480270156387898412e-33 4.252282683989283702e-36
1.087252399999999973e-02 1.413111548809161043e-33 5.353148175481103753e-34 5.290783147944149458e-32 1.197271814803675832e-32 1.496757327531948358e-34 1.320582114969869448e-31 1.319414627076209186e-31 3.918848873765480888e-32 8.757146043476297741e-34 7.776629959765767878e-35 5.847039022465964384e-33 2.049161606826553503e-34 2.769017655011054293e-34 1.487283586754011909e-32
1.177856759999999954e-02 4.918674726774871166e-31 1.847263217535863003e-37 1.686040244162349243e-34 8.047019040296191551e-34 2.946611682558048230e-31 1.491838835054403224e-31 1.704259058789447303e-30 5.430078055305472316e-33 1.268607788245366831e-33 1.464916235803299988e-32 4.843340508551245155e-32 3.225283177214008132e-32 7.750634826331087796e-32 1.346387299786404573e-31
1.268461130000000069e-02 3.341382798184391142e-32 1.203568662612636278e-33 4.664269018103336473e-31 1.299489758404364926e-32 2.802232059453176866e-31 1.478174094134737311e-32 9.872681744977064846e-32 5.103732357933014117e-33 5.191144968495718613e-32 1.905627024280745063e-32 5.418402563792740575e-34 4.000219590497893137e-32 1.109274891056332099e-31 4.058264644732353664e-31
1.359065500000000010e-02 1.521773071544694308e-32 2.191517811991423285e-33 2.686359725893586342e-33 5.011696560913408394e-32 7.160570333991353456e-31 1.225895083366586732e-31 4.121212317024635583e-30 4.116266382380128009e-32 2.586819889115986088e-32 1.955706332277350071e-33 1.047256505976811688e-32 3.486895351140331397e-33 1.821106501828556655e-33 1.943136312907475371e-31
1.449669859999999991e-02 2.251155958428088113e-32 5.625525795248728892e-33 7.552803828222672304e-32 2.492573959281533670e-32 1.223774355113752455e-31 9.572729222036857017e-31 2.692863498159105907e-31 1.225101371539761978e-31 3.116826981086413697e-32 1.202413909089553061e-33 1.479338273477325054e-32 1.777223936600056585e-33 1.159593710319136603e-31 1.604401261429589449e-33
1.540274229999999932e-02 3.822447644120609601e-35 1.054816200577498115e-32 1.700218040393846229e-33 5.689450220094143021e-32 2.641406581476048223e-33 6.766887194970977703e-32 1.655666804678670382e-33 3.711087621787781738e-32 2.240416602475740578e-33 1.328084237828900491e-35 2.499163747464188864e-32 1.178926660778279017e-34 5.484812338843307906e-32 8.062638868932941038e-34
1.630878599999999873e-02 9.773061825966047359e-33 9.246882821811059997e-33 1.076848130212996683e-31 2.484663848333939979e-31 2.131731315387180430e-32 2.304256383381579283e-31 1.701372779135676919e-31 3.126480021055782257e-32 1.181792611837120957e-31 1.726720011293405626e-33 1.706370804853829802e-31 4.737810780285109312e-33 9.793219722177232166e-34 3.200170592373360039e-32
1.721482959999999854e-02 1.262155895913134807e-31 1.076136897301839806e-32 2.688663075444315194e-30 6.788417171027430760e-31 8.478512606374427097e-32 6.629303987759825605e-31 3.556691372137237590e-31 7.214023784762484312e-33 3.384921393094884172e-31 6.929209856439935166e-33 2.367436952820498581e-31 1.588325231740187059e-32 4.093529707860938013e-32 4.740826519189561927e-33
1.812087329999999968e-02 2.879118152089517315e-35 4.438604203457789501e-34 1.913178169928331432e-32 7.835105145150844359e-32 1.402471293862035514e-32 1.092132773798868402e-32 7.411270709259996056e-32 1.194086840067352932e-31 1.491499180908103949e-33 4.822688476336564863e-33 1.482588351347592057e-31 6.582549426650181156e-33 7.702283264166463599e-33 1.704533397014287795e-32
1.902691700000000083e-02 2.438386961682503157e-32 1.329636095528608215e-33 7.214407220847339939e-34 7.009619861416181453e-33 5.070525329003308377e-32 1.441731011483583443e-32 6.355913747574800693e-31 7.179614488039225244e-33 5.474129768058906037e-33 3.551501370448474193e-34 3.135675271528596928e-33 1.165512638645389329e-33 7.265028798874784681e-32 1.410680842815459941e-32
1.993296060000000064e-02 1.151200828150482630e-31 1.110850938690428290e-32 1.765901758598758897e-33 5.413265101675014532e-32 2.038498711648120635e-30 1.061494625833265058e-30 8.392516807604250680e-31 7.403814627614273506e-33 5.614033228627574245e-33 1.164539783067707967e-34 2.202800317666744719e-31 8.410714902323231127e-34 6.552964310064323506e-30 8.476054923671169457e-31
2.083900429999999832e-02 3.079933890613456663e-31 1.137932202231267835e-31 3.217192088029534860e-30 2.613548038399030768e-33 7.248288470442526226e-33 3.281612468039260019e-31 3.094920653564067602e-31 1.943371162485552946e-30 1.809111213789804862e-30 3.078206521722799123e-33 3.072847534291628264e-31 5.824922032843524828e-33 1.241141260502121599e-30 2.308885882436601967e-32
2.174504790000000160e-02 4.263890714719586537e-32 6.379925457316939049e-32 8.561939510825790988e-31 1.299100153509470019e-31 2.621154043533727139e-33 2.674562740251578565e-31 7.544460215794830545e-33 1.092980695876528507e-30 2.400619562836048730e-31 1.168329224683154105e-31 4.274968922807808575e-31 1.120234076605128561e-31 1.039435595071928208e-31 1.054575434061700891e-33
2.265109159999999927e-02 7.056425167270179007e-31 3.018016370423269020e-31 1.160886776251203431e-31 6.584781490923578205e-31 3.948561011380871986e-32 4.658787964267275622e-31 1.025636397861110930e-33 3.493821109663978679e-31 2.129398942898591337e-30 1.637895501151291395e-30 5.898624680581191384e-31 1.030344204056996526e-30 2.250764443403173744e-31 1.776625000426837457e-31
2.355713530000000042e-02 4.910540088883154384e-31 5.117799295011088214e-31 5.391143022622888134e-32 4.184309199203432711e-30 1.233033676495140072e-31 1.889384117612547951e-30 1.423795600364780352e-32 4.936542091947633594e-32 4.811694052568373878e-31 5.499612947647494442e-32 1.964287197549736329e-32 8.466806405476938657e-31 8.278190898016687308e-31 7.716650404871988428e-33
2.446317890000000023e-02 2.947380361695978885e-33 3.827081530078547085e-34 1.303194211317487594e-34 1.035920321430414424e-31 6.361741763263066797e-34 3.140321819073579229e-31 5.570772777138209104e-34 4.223042252322483711e-33 1.817722023462040910e-31 1.985589717127852501e-32 2.446926061706278489e-32 2.847818082878527960e-32 1.265972409544754352e-34 1.653560516595083088e-32
2.536922260000000137e-02 7.626213202476947890e-33 8.286384615308540574e-31 1.189603629609042639e-32 4.174439141087107073e-31 1.680002394188188340e-31 1.668948615419778471e-29 1.133856372809337508e-31 8.569674747128346335e-31 1.271968656866455075e-29 6.508855429069489920e-31 1.805302261217505637e-30 1.321364721107477901e-30 2.830320700538484570e-31 4.994528138224598201e-31
2.627526629999999905e-02 1.687813193789145847e-32 5.364122717438453433e-33 4.682822492501516351e-33 5.385304810288999302e-32 1.695159983603922720e-32 1.740611004988813786e-30 6.531883159946249893e-34 9.959590981702075042e-31 1.794105553695766955e-30 1.426910434429081725e-30 2.177074014997607778e-30 4.347264633528575765e-30 1.175354693097479005e-30 5.856886469004544465e-31
2.718130989999999886e-02 2.004570547816560370e-33 1.086242599601316015e-33 2.513877166972475112e-33 1.774793306956946635e-31 5.260470913133435254e-32 3.384465664811382510e-32 6.293614862787024628e-32 4.648824541321425118e-31 1.214497960929844624e-30 8.990364022061431846e-30 7.233474000069204401e-33 3.880967805022044206e-33 1.224524780422935083e-31 1.796267571013606487e-29
2.808735360000000000e-02 3.581343480866354302e-32 4.286137188239305172e-31 1.262984387051852738e-31 1.163687475353700352e-32 8.981338562111332661e-33 1.589204491425392325e-29 1.413475768328230113e-31 2.245247088582001527e-29 8.755244215707846340e-31 2.220061502740710437e-31 1.231116586275276934e-29 2.114311514912663043e-32 1.881598352789907647e-29 4.311560529380653741e-31
2.899339730000000115e-02 6.036242892550455530e-34 1.327842569542692886e-30 3.359221076743396588e-32 3.498263898912353634e-30 2.219964204842760281e-30 1.104394400557490241e-29 5.948897087332367758e-30 5.086104252103695430e-30 1.550260053050665713e-29 4.247317553961546582e-35 3.420282796398845964e-31 2.979038798271809851e-33 6.336599395675579151e-28 5.982987584737381041e-28
2.989944090000000096e-02 5.106927985553579005e-31 2.430716913559412767e-30 2.625953319260220396e-29 1.366406120476581901e-28 2.021860676404099953e-28 2.042684811022391027e-28 4.852440807605491328e-28 8.202952353322083083e-28 2.313423474243749008e-26 1.155210773928009723e-27 2.630381846299058303e-28 1.754792245338335112e-27 3.076517243023581884e-24 3.298152636132877817e-24
3.080548459999999864e-02 2.410221643291990615e-27 1.138906495538219631e-28 9.618396799327522242e-26 4.953868706936343385e-26 9.710084847276910114e-25 4.219184314634903474e-25 1.035696445489521214e-24 2.853455267763470926e-24 7.734203682893884499e-23 3.862408710161387726e-24 6.756281660432635118e-25 6.150570150618516406e-24 9.463638521569309792e-21 1.017983969928864629e-20
3.171152829999999978e-02 7.205938183955979256e-24 2.955907283271792729e-25 2.745773293985529422e-22 1.510406554577285937e-22 2.651121845384859941e-21 1.158161582388585707e-21 2.753706326802001860e-21 7.561300212452112433e-21 1.936982346838745997e-19 9.625251485660641182e-21 1.694967080120957680e-21 1.541146131662250116e-20 2.119260541390813543e-17 2.279590137379345234e-17
3.261757190000000306e-02 1.578519462320029920e-20 6.409807916983029517e-22 5.691748828838584189e-19 3.131515702753152636e-19 5.223355695968522195e-18 2.282203588844390851e-18 5.258291641493829310e-18 1.443952960338829006e-17 3.450778984488628138e-16 1.714802193376389191e-17 3.008307212583379644e-18 2.734892124865757460e-17 3.302100760767702015e-14 3.551916184890691090e-14
3.352361560000000074e-02 2.449889552357746526e-17 9.946260156466755944e-19 8.271476999218861652e-16 4.550734402008131114e-16 7.141575318534164335e-15 3.120305200841991170e-15 6.926220749886004695e-15 1.901977921639879567e-14 4.179082100231931570e-13 2.076718612440274752e-14 3.625910049839401898e-15 3.296374658661697462e-14 3.395015674314572754e-11 3.651860542903121202e-11
3.442965919999999708e-02 2.584673403508208284e-14 1.049338027815157197e-15 8.055107773108848553e-13 4.431698717207726651e-13 6.453662381476152461e-12 2.819741691293302083e-12 5.977766600724305617e-12 1.641527253496539101e-11 3.249436745735046420e-10 1.614748327660315605e-11 2.802607938484132814e-12 2.547897552695829314e-11 2.147103234934683871e-08 2.309539137218640101e-08
3.533570290000000169e-02 1.762384753514714742e-11 7.155008395810938374e-13 4.969189967018492986e-10 2.733911744875698164e-10 3.622449300811557881e-09 1.582724758153609414e-09 3.164517789087951511e-09 8.689938140801240090e-09 1.504044599193015588e-07 7.474075328632336248e-09 1.287258069429608348e-09 1.170267746161959257e-08 7.569665077248132348e-06 8.142336831251718965e-06
3.624174659999999937e-02 7.293521866256963178e-09 2.961056571178534812e-10 1.806638172968247832e-07 9.939626650274623902e-08 1.163403516857113907e-06 5.083156169032972898e-07 9.402320300156168005e-07 2.581928348547538325e-06 3.727112538318140642e-05 1.852120600842702488e-06 3.156404107106538576e-07 2.869539536151768891e-06 1.279490738679545580e-03 1.376288707691685452e-03
3.714779020000000265e-02 1.690873547984190930e-06 6.864683929268345109e-08 3.515268794177526715e-05 1.934004268558240890e-05 1.906485954529649250e-04 8.329840593559255488e-05 1.380299486194872319e-04 3.790377544498791263e-04 4.202458293643728318e-03 2.088335004599875902e-04 3.503523116203197270e-05 3.185111207767163735e-04 7.927168642554634215e-02 8.526886797136905283e-02
3.805383390000000032e-02 1.976991356723642316e-04 8.026277784148152427e-06 3.194791747164016631e-03 1.757686606033415566e-03 1.339587749282515443e-02 5.852942365520295322e-03 8.173709900022661790e-03 2.244545243271521551e-02 1.610948289392047372e-01 8.005313719475836559e-03 1.307068425628261791e-03 1.188277671856920702e-02 9.296673957517891385e-01 1.000000000000000000e+00
3.895987759999999800e-02 1.011716081659971150e-02 4.107410122200915326e-04 1.099886052735262743e-01 6.051270743295491389e-02 2.970056874081004050e-01 1.297680701816405213e-01 1.317793490354703390e-01 3.618732676553090277e-01 1.000000000000000000e+00 4.969317620042813799e-02 7.570114003662524460e-03 6.882116702950644149e-02 1.293273845466824390e-01 1.391114554921900615e-01
3.986592120000000128e-02 1.863439586455234720e-01 7.565275237042200750e-03 9.815459872597017688e-01 5.400196230445314383e-01 9.633003734456160316e-01 4.208863189060228494e-01 1.541416227586299426e-01 4.232812888941324125e-01 3.169707770598445551e-01 1.575128467482440897e-02 3.296097217738033335e-03 2.996536869317221324e-02 5.948936648490751704e-03 6.398994603525757011e-03
4.077196489999999895e-02 9.479640801540157868e-01 3.848586899912839754e-02 7.601199483316402050e-01 4.181971026269394320e-01 2.265445772274875258e-01 9.898212001759192080e-02 3.641588390580349777e-01 1.000000000000000000e+00 3.419159826889617282e-02 1.699089117351811409e-03 1.487757297425933416e-03 1.352544934179907357e-02 1.843368958801303394e-04 1.982826295970869861e-04
4.167800859999999663e-02 1.000000000000000000e+00 4.059844650743649891e-02 6.711290581053934723e-01 3.692367608616887176e-01 2.813179174661912807e-01 1.229137515031799438e-01 3.496378147744335640e-01 9.601244766680344656e-01 2.076568679607642613e-04 1.031912932883788043e-05 4.385605379153309329e-03 3.987026882188337423e-02 5.696360322044480306e-06 6.127309990911815512e-06
4.258405219999999991e-02 2.084158569809724526e-01 8.461360020964116962e-03 1.000000000000000000e+00 5.501725136205795064e-01 1.000000000000000000e+00 4.369211623995716831e-01 1.478083750493964788e-01 4.058898458485196703e-01 1.941300894980292277e-02 9.646940743231239256e-04 3.110568512538292724e-02 2.827869634005612531e-01 2.471594943493732066e-07 2.658579784330871489e-07
4.349009589999999759e-02 1.096567302317258928e-02 4.451892896534353204e-04 1.068504283476570255e-01 5.878616874541795628e-02 2.830896156962222077e-01 1.236878439532022311e-01 1.085429172809533604e-01 2.980647608659524606e-01 1.006250991470415829e-01 5.000380782094832922e-03 1.099968851156481603e-01 1.000000000000000000e+00 2.802890774701479890e-09 3.014939322207448307e-09
4.439613960000000220e-02 1.892876066635798104e-04 7.684782773756024097e-06 2.668659598990176345e-03 1.468223159569358865e-03 1.058272167172106745e-02 4.623815054151172131e-03 5.404975901357804598e-03 1.484235811866370727e-02 1.143550538169042091e-02 5.682665838757492869e-04 1.324185398647562129e-02 1.203838997125133703e-01 1.204104304698858917e-07 1.295199026870638926e-07
4.530218319999999854e-02 1.309362076692043474e-06 5.315806621250436015e-08 2.311270140183272753e-05 1.271597302643932473e-05 1.149176166646648321e-04 5.020993865340224460e-05 6.807515349979849882e-05 1.869380781089732466e-04 2.082423295463018710e-04 1.034822277454429501e-05 2.466423854620647068e-04 2.242266998758238143e-03 5.554210509201754569e-09 5.974406047871310077e-09
4.620822690000000316e-02 4.199954450877536814e-09 1.705116257785423558e-10 8.613661839686803920e-08 4.738999985172577367e-08 4.951747789499772296e-07 2.163523400262801433e-07 3.215680988280552496e-07 8.830435082649498061e-07 1.222005274111738870e-06 6.072532340465767205e-08 1.465903956736054235e-06 1.332677698270501662e-05 5.222996934534118335e-11 5.618134968778944469e-11
4.711427049999999950e-02 6.960666167553629127e-12 2.825922333464836444e-13 1.588142260352530568e-10 8.737522197706390457e-11 1.009891307545432892e-09 4.412428840363534025e-10 6.982681882018007631e-10 1.917482464034894051e-09 3.065490792470358700e-09 1.523339745687674881e-10 3.708019453911845077e-09 3.371022234546666247e-08 1.759744532241113252e-13 1.892875360359596713e-13
4.802031419999999717e-02 6.471857887123857116e-15 2.627469885445163080e-16 1.598436185373333714e-13 8.794154720304093992e-14 1.094519165195584703e-12 4.782186010109302791e-13 7.920074733352413925e-13 2.174895646117626447e-12 3.854999982529897028e-12 1.915671956413665261e-13 4.690498887122353701e-12 4.264210666330841883e-11 2.714076662392132961e-16 2.919409395264062661e-16
4.892635790000000179e-02 3.600155138985430783e-18 1.461585597680056343e-19 9.451287264926437233e-17 5.199842484869270734e-17 6.847674134010492072e-16 2.991889499952761806e-16 5.128802219284153724e-16 1.408395560117827006e-15 2.697428499666937804e-15 1.340438029032820001e-16 3.296457385590435175e-15 2.996864361142624190e-14 2.206908746593865152e-19 2.373884199026681237e-19
4.983240149999999813e-02 1.261517751283644679e-21 5.120624986078329117e-23 3.475555092941571126e-20 1.912211737228837898e-20 2.632404772382144141e-19 1.150183248497528937e-19 2.025533790490909768e-19 5.562170150078199310e-19 1.131426619377553082e-18 5.622385332842677383e-20 1.387384497636185508e-18 1.261293345694508261e-17 1.039437466297315027e-22 1.116709812106192131e-22
5.073844520000000274e-02 2.904824212344595891e-25 1.206568430838978983e-26 8.319547097933693922e-24 4.590909760997686753e-24 6.529732634697654772e-23 2.861037498894176967e-23 5.135036532258474264e-23 1.409690515445626891e-22 3.010098847230775023e-22 1.496435265801368930e-23 3.699347751324138043e-22 3.364084445070482225e-21 3.206776878687776180e-26 3.226074731369358095e-26
5.164448890000000042e-02 4.730403090039789672e-29 3.610067766359133120e-30 1.359405670215536081e-27 7.700336485216447217e-28 1.095039193949925927e-26 4.369897138159371720e-27 8.822065855016623006e-27 2.494995520212338980e-26 5.309469042325528662e-26 2.613923937312794702e-27 6.358485469217028470e-26 5.954936034665941911e-25 2.680195172955727810e-29 1.022643437474000946e-29
5.255053249999999676e-02 2.464784339016810605e-33 4.729118538633216649e-33 1.059121156072459438e-31 5.450165782255762084e-32 1.222547013598060074e-30 2.639356033952193477e-31 1.591506886918864247e-30 6.713048576973276356e-30 6.489799331267467228e-30 1.376605700407602133e-29 8.108063313563367519e-30 1.333604361766474171e-28 7.574379274874382391e-31 3.263031681697479699e-30
5.345657620000000138e-02 1.313830395553218897e-33 2.122095139294684845e-32 7.330272588986228696e-33 2.328272033213242641e-33 2.059748858726654409e-35 2.923663954133549524e-31 6.694833684628239059e-35 4.496226009677789155e-33 1.122882119185928650e-31 4.657204223149011342e-31 5.211327598781199702e-31 1.064026521044773294e-32 3.498743799035340435e-32 4.304524884401816482e-32
5.436261989999999905e-02 4.492662574421494817e-31 4.048022982742727768e-33 5.472185118990472219e-31 1.847307519688663716e-32 2.055939672177060150e-32 6.166730689234956238e-33 4.993767317878111156e-33 3.062353845557751966e-33 4.566772877756954800e-32 1.291785163353788477e-33 5.308961859032343888e-32 6.199832574172769749e-32 2.472833902247313337e-34 9.904992001672600550e-32
5.526866350000000233e-02 1.832708490329299448e-31 6.317824722444644763e-32 2.326435946418095210e-30 7.595118966892217152e-32 2.251108428861502241e-31 1.012054093585577795e-31 3.792521673889372613e-31 1.233712882966649036e-30 3.779672556024509716e-31 5.565025518049032863e-31 6.287141997309147678e-31 2.544558105585610793e-31 3.798176105100890959e-30 4.447255877960032728e-33
5.617470720000000001e-02 4.024608544450432311e-32 1.415815617528582816e-32 2.376040580411965504e-31 2.148493287608309413e-31 2.215634855786873594e-30 9.299393327740707177e-31 1.974609249070008368e-31 2.452979152376971494e-31 1.667809109321095765e-31 2.573462244585872697e-33 2.431853808523867208e-31 7.335573741726041763e-33 2.191826878307840917e-32 5.427982191016118727e-31
5.708075089999999768e-02 5.213092701538402459e-32 5.532178738794701406e-32 1.347434804512181967e-31 1.161727231360126580e-30 5.600209763919272741e-32 1.342932423132941970e-30 3.512343450759376537e-31 1.298291112075352237e-31 1.375313148713763408e-32 1.306832463641036705e-32 2.300887049215637766e-32 2.311027819340799924e-32 4.988271917084554224e-33 1.900743730750524881e-33
5.798679450000000096e-02 6.674173040719938396e-31 1.535684148425008459e-32 9.282526072732948320e-34 3.532820097797684068e-31 1.360662192775068722e-32 2.981848798186899609e-31 1.035958046748010737e-31 1.765507056270778575e-31 2.698274663652878385e-31 2.331424294297571079e-33 7.678185191897202448e-32 7.003993542353448693e-33 5.861065715905456116e-32 6.216161347918689242e-32
5.889283819999999864e-02 1.855672049483084735e-31 5.060066617316024046e-34 7.721396359992892305e-33 1.058104267308531335e-31 1.267194675101490005e-32 6.144922733626358836e-34 5.455530413477910505e-32 3.990268654757894094e-32 1.390490420516883938e-32 1.622488274809181214e-34 1.889662124520858466e-32 4.472368045084142532e-34 3.589148660701274763e-32 3.394868366541813973e-33
5.979888180000000192e-02 2.128316618747081034e-34 6.625675065500774075e-34 9.737313660849234549e-36 4.627575558823395107e-34 1.402541268220406487e-35 9.242257340289761561e-34 8.289862777235377110e-36 1.832766295705735350e-33 1.581797580278443824e-33 1.459764529085174430e-36 3.608432542535100162e-34 4.571163372925529144e-37 4.674763673050980516e-34 5.767505332796016459e-35
6.070492549999999959e-02 8.963299420838889617e-40 9.772315963461660926e-34 1.539739881290039294e-36 7.767954093325608312e-33 4.581721592344112325e-35 1.748124431445830891e-32 8.421683095273026061e-35 1.503980669713714222e-33 1.923098487667212617e-35 9.035836704690283955e-35 6.795287016711542483e-33 1.168685784525032378e-34 1.478972986104423996e-32 4.059461334580099023e-35
6.161096919999999727e-02 1.908723209213519590e-37 2.788239613231379073e-33 1.541177942341982927e-38 5.589713591342799133e-34 2.245510050846461103e-39 1.651458321304185759e-31 2.587409019573129927e-34 1.284016034268490303e-30 5.009385882420040247e-34 3.082797081771985708e-37 2.581747622353081003e-33 4.690714969730537198e-36 1.250736940968155300e-31 3.442815970199383891e-34
6.251701279999999361e-02 1.978258369511913625e-36 2.232381395222160864e-32 3.944529965374321899e-34 1.838615085875044903e-31 9.394789345358931534e-33 3.494199785785819064e-32 3.027927734571987945e-32 6.976276407900569309e-32 1.251319921146854922e-32 4.280405983089325244e-36 2.442503813124525676e-32 8.318983793662080276e-35 6.942340337646912484e-33 4.170579418780922977e-35
6.342305650000000516e-02 3.521023513963155939e-36 4.426010812624113746e-32 1.170084914174643164e-34 5.207541711413571582e-32 3.106179956143307411e-33 3.033375226447084770e-32 6.173209915984700894e-33 4.145544165054589301e-31 1.956287171014310172e-32 1.529795734406546983e-36 1.557814619291577979e-32 4.845579564167935025e-35 3.484590458076286950e-32 1.016975072179956772e-34
6.432910020000000284e-02 5.375685204355230421e-36 4.934067312452251142e-32 2.348959280601378156e-32 4.629127946640616253e-34 6.086509764118267052e-34 4.041842717228057029e-33 3.039757610459649342e-33 3.021710799032556868e-32 1.729019055668723380e-32 2.278763269476112630e-35 2.698751851965855606e-33 1.297933034937934555e-35 3.522239389964177509e-35 7.443828852766406659e-34
6.523514380000000612e-02 2.913045088962004275e-33 1.072800014616391938e-32 8.334277087918871343e-33 9.946285816057276026e-32 1.906750121089321825e-34 4.753232174885406305e-33 5.237766962642471626e-34 1.394908677477315373e-32 3.766779998761486338e-34 3.029811264706340044e-36 1.164981213887663356e-34 2.281069242212403608e-36 4.481949552731824011e-32 1.067689232164572033e-34
6.614118750000000380e-02 1.420849269590457243e-33 9.905724832747000711e-33 1.104135448252993615e-32 3.723395211028282453e-32 1.299461668968078637e-34 2.571201559561015668e-33 1.000227644780555790e-35 1.639096572657544332e-31 1.535944987992824822e-33 6.261143366294306374e-35 1.492099186017326900e-33 1.591685581421894754e-34 5.469200764876018751e-32 1.258176697271713591e-34
6.704723120000000147e-02 2.272195910816295064e-33 4.113576391930391500e-32 4.017993266940901519e-34 2.359128585641262519e-32 2.585978079498392862e-34 7.516732883189946884e-33 1.928537567748683071e-35 3.306419361587620435e-33 2.464813726559054648e-32 3.229728657344710427e-33 2.381200394209696147e-32 2.502990812504328407e-33 7.330051276448736979e-32 1.458743304500325858e-34
6.795327480000000475e-02 1.625427528584943889e-33 8.196053002722858903e-32 1.596094383343419639e-34 8.736324607108753237e-33 1.445799305270412633e-33 8.265808069497350819e-33 8.870062124045069789e-33 1.168369560894431692e-32 2.482910793068525569e-32 1.836969940337007837e-33 1.622477253778575646e-32 7.069154733947759560e-33 8.580619770189239876e-33 7.840507949330968173e-33
6.885931850000000243e-02 1.749477768023836625e-35 7.571445193641684228e-32 1.556807381899071998e-33 1.045358690158178016e-32 3.801633972221590214e-32 6.986639172874594262e-32 1.520360249920186792e-31 5.130234215981007845e-33 4.437273586856224111e-33 8.196611449874511739e-34 6.035669552347356236e-33 2.847025872957624820e-34 3.135145561158069496e-33 3.047186237220448688e-35
6.976536220000000010e-02 1.756704275176260941e-32 1.574138319309088147e-32 4.248832476344331275e-34 1.079010184962924288e-33 3.557759109754206952e-33 1.787836339632655053e-32 2.034373077228624146e-32 1.661308482539204063e-31 1.759250096314732742e-31 3.165846695369379932e-33 2.153216418347592931e-33 6.449062277574553598e-33 7.187978156654035826e-34 2.938188983680277733e-34
7.067140580000000338e-02 8.683263913256761293e-35 1.106584665457806877e-32 4.469931355682900730e-33 3.421354178341103506e-32 2.585260362289572859e-33 2.324618241646882151e-32 6.437872439470190770e-33 1.697741828657650716e-31 1.859854138996715498e-32 2.524337119187878717e-34 1.187605143000073658e-33 2.846898228831555317e-34 5.265487698235172592e-32 9.312601083324007680e-34
7.157744950000000106e-02 3.144947090954249231e-35 1.247854215220302623e-32 1.124050277881264459e-30 1.580909004134464132e-33 9.527458729225044380e-33 3.071440568499855435e-33 2.530182333421605933e-32 8.208177423910000135e-33 2.270866736744838261e-32 2.670427046379469085e-35 7.615163639255962311e-34 2.552635951241714767e-33 1.317574647096012459e-32 6.190243433362288724e-34
7.248349319999999874e-02 3.342715944187181461e-32 7.108725675033506260e-34 1.878653581903121774e-33 7.629308845149366493e-32 2.639466698506539385e-32 4.200624698531628144e-33 6.297472375275698726e-33 3.656776438086365555e-32 1.187388967079620812e-32 1.565240866036750618e-33 2.449960001746574907e-33 2.716808747000993306e-33 5.476826738930458721e-34 1.745988379171130378e-32
7.338953680000000201e-02 4.358651678471667589e-32 1.882309766528827641e-32 1.856641939242700803e-33 2.416593621480875644e-33 3.323769446170460766e-32 2.963350743777999471e-32 1.516404938890343221e-32 9.741269728019687069e-33 3.424965550952177075e-32 1.008572871909404364e-33 3.511268318241865826e-32 2.151917725424524205e-33 4.343308972971400364e-32 2.175605954794885146e-33
7.429558049999999969e-02 1.618637350092499539e-33 1.014779905119178001e-31 2.692680127392530788e-32 3.414009297675722248e-33 1.750871202940633647e-31 1.504679643922421905e-32 8.797297355265119442e-33 3.985253025536557708e-34 3.654026487559349051e-32 1.360771828022913810e-34 1.117966613256527837e-33 1.958532221755402298e-33 4.013659095572249771e-33 1.457671565679462475e-32
7.520162410000000297e-02 3.260687509375146179e-33 1.755009003787436674e-33 2.324899436263758093e-34 2.064988611975520546e-31 1.055879724862613012e-32 2.356601855880265681e-32 1.239492972969046464e-34 1.054378627934716597e-31 2.295205880009809716e-32 4.357917184999576218e-33 2.443404961238343223e-32 7.588333748081186869e-33 2.603934238092383376e-33 4.049514260077253621e-33
7.610766780000000065e-02 1.568262086679661720e-33 1.751464916701857343e-33 3.508599971360215473e-33 1.779027862594507493e-31 1.695396587489732057e-32 1.842026541993300033e-32 1.300155852346017341e-32 1.354970633479783275e-32 3.620204230718595972e-35 7.768068268283006277e-35 4.598424743488873857e-32 1.625990158852335320e-33 2.865760090065977462e-34 2.605268161834878713e-33
7.701371149999999832e-02 1.498735089242761748e-32 1.186824887826742120e-32 3.975869350437904730e-32 1.050749516433999204e-31 1.888650944179532514e-33 6.257335429445408104e-34 7.221810741149289079e-34 3.014214134855066842e-32 5.013394796294529249e-33 3.848906013099833954e-33 2.784821717259023205e-32 9.075277347169728995e-33 7.266056718005203732e-33 1.976909485770823589e-32
7.791975510000000160e-02 2.148642000954842989e-33 1.000621592585068829e-31 1.812102739915714015e-31 7.370774456460205267e-33 8.408519480335187860e-33 1.668849898713800468e-31 3.067147679879175022e-34 2.720547411532932359e-32 1.922039076485031871e-34 6.519093818341552143e-34 7.931489345691833139e-33 7.524823896919034935e-34 8.613874664857366269e-35 1.772675513691912135e-33
7.882579879999999928e-02 4.549972661717297309e-31 1.879626592162181530e-32 2.328645943553967584e-31 1.444197947891031671e-32 2.728941831005491843e-33 4.478476539781841821e-32 1.919309338006859517e-34 1.445660897230393256e-31 1.832171216280220465e-34 1.017827901478151938e-32 7.345275609621484718e-33 1.003364205370464875e-33 9.183475501142977616e-33 1.904250433849881466e-32
7.973184249999999695e-02 4.128446526570053371e-33 1.020049631578262543e-33 3.532111669612428865e-33 1.852941499523136347e-31 2.404455397367386549e-31 3.506455459180104672e-33 1.320245819896045621e-31 1.429566826369544850e-32 1.476669437376877720e-32 1.100476454900890494e-33 2.460768001800852097e-32 5.923953824693877262e-34 1.999731986738418173e-32 8.007244987629663029e-33
8.063788610000000023e-02 4.345062180753315054e-32 3.807723844548694179e-33 2.569199596761158028e-32 7.079455708196134882e-33 1.465777696859204573e-31 6.458712136096899429e-31 5.504690703460212151e-31 3.411420810389429689e-32 1.032188001254396664e-32 2.566880494950607865e-34 2.655556817772595488e-33 9.272234354639267701e-37 8.298132634849163195e-35 2.107171947920701955e-32
8.154392979999999791e-02 9.119715868145955013e-34 1.198589316859888709e-33 1.683080336064362961e-32 6.171570297350717903e-32 2.623004719195530866e-31 1.402352831426612652e-31 1.069112524731611331e-32 1.872408445025746202e-32 1.362661040875731831e-33 3.765819278452503308e-33 3.022278335111745605e-33 9.926232903340424083e-33 1.416984895897075839e-31 2.762542187675162712e-32
8.244997349999999559e-02 1.035573580224758435e-32 4.870896059137892214e-33 1.773436655959180643e-31 2.254708695042878500e-32 2.615892031946339923e-32 7.090610108396437207e-33 4.558446761800408209e-33 3.932273181969351245e-32 3.458427108194730936e-33 3.863764629891217842e-33 2.098302541972524637e-32 2.303473640457144319e-32 3.219791105355632884e-32 1.414145420869174951e-33
8.335601709999999887e-02 1.010178805294585165e-32 3.172087835467471104e-32 3.716389452369397438e-33 1.609696605120490806e-32 1.500872858091616350e-32 3.804276259083524984e-33 3.067424310786193547e-35 3.762083094947034483e-32 6.863834139884557141e-34 2.350314569948129350e-32 3.993134520368870811e-32 2.147232286198755621e-36 3.320347014881180241e-32 1.000016918971436419e-32
8.426206079999999654e-02 2.580027438720433600e-33 1.042551725660004383e-31 4.384650644102671167e-32 1.448320976324381005e-31 3.190408269902655328e-33 8.664033127263426907e-32 5.144835387074156050e-34 1.757156024289842341e-32 2.743807571918558492e-32 2.730663341222229097e-34 1.948300214043749151e-32 5.102434284108538501e-35 3.501873243812618750e-34 1.572448870699531129e-33
8.516810449999999422e-02 6.079590847229185585e-33 4.511683313132373061e-32 1.629269064956215107e-31 3.672694695815715913e-34 1.025176910786022724e-32 3.738382904511872119e-32 1.532306660060978950e-32 4.575529225324548868e-33 6.315807621883438525e-32 3.062832115864371019e-33 2.624390466911762646e-35 4.562194952593604503e-33 8.817299691964911430e-32 1.164663238611661258e-32
8.607414809999999750e-02 2.774168633148735627e-31 6.756672134668980240e-32 5.441874908339033022e-33 7.674582529335587905e-32 1.742173579439331739e-32 1.250402844662675701e-32 1.347407267753575977e-32 8.196417244952408640e-32 7.905765868898571342e-32 1.236934662577192659e-33 1.000255631709095166e-31 3.660523823315112106e-34 4.568536978913357688e-31 5.861887836784365236e-32
8.698019179999999517e-02 2.077072865314482090e-36 1.349776732699149683e-33 1.313810161135480400e-33 5.753364180569160596e-32 1.291608858133640674e-33 1.710269254435650251e-31 2.960956245778226889e-33 7.223605481265842377e-32 1.881648404495691339e-32 5.148063441069682862e-34 4.990759014150444484e-35 3.525207645502137404e-33 1.767047540963720352e-31 3.636859285538862691e-32
8.788623539999999845e-02 4.802225589857701230e-35 2.298207397338468356e-31 6.012353889476346548e-33 5.538649664605641234e-31 3.346263926841272160e-32 4.248224212757067347e-33 1.086369705001607121e-32 1.063344135876886007e-30 8.361470315353844980e-32 1.295411162498623699e-31 7.174629147152631980e-34 4.968909900830425969e-33 1.398102950768921994e-33 7.974143804600598299e-33
8.879227909999999613e-02 1.705727972486569330e-32 1.181044425670402498e-31 4.799327163852648244e-33 2.509795864532094605e-31 2.597602021178101158e-32 1.004501242659582791e-34 7.575405613174155464e-32 2.179725113827971579e-32 8.663209723869533115e-33 4.034665549526167377e-32 9.596152796445702398e-32 4.288553697036306269e-36 2.822039130407323530e-32 2.253694827075631804e-33
8.969832279999999380e-02 3.032405284420567941e-32 2.845841287430371597e-32 1.059964697298701465e-36 2.242885299483016391e-33 1.319582370415049725e-32 1.815240137765701415e-32 2.788123018665584400e-32 5.721113064697866631e-32 2.110948126214477952e-36 2.416547374764411945e-34 4.193989809176766275e-33 8.097411309406397388e-35 2.268570608899900168e-33 8.895990651216434274e-33
9.060436639999999708e-02 0.000000000000000000e+00 0.000000000000000000e+00 0.000000000000000000e+00 0.000000000000000000e+00 0.000000000000000000e+00 0.000000000000000000e+00 0.000000000000000000e+00 0.000000000000000000e+00 0.000000000000000000e+00 0.000000000000000000e+00 0.000000000000000000e+00 0.000000000000000000e+00 0.000000000000000000e+00 0.000000000000000000e+00
